33 313
0 2
0 3
0 4
0 7
0 8
0 9
0 11
0 12
0 13
0 14
0 17
0 21
0 22
0 23
0 25
0 28
0 29
0 32
1 2
1 3
1 4
1 7
1 8
1 10
1 11
1 13
1 14
1 17
1 20
1 21
1 23
1 25
1 26
1 27
1 30
1 31
1 32
2 3
2 6
2 7
2 8
2 9
2 10
2 11
2 12
2 13
2 15
2 16
2 17
2 19
2 20
2 22
2 23
2 27
2 32
3 4
3 5
3 6
3 8
3 10
3 11
3 12
3 13
3 14
3 15
3 16
3 18
3 19
3 20
3 24
3 26
3 27
3 28
3 29
3 32
4 5
4 6
4 7
4 8
4 11
4 12
4 14
4 17
4 18
4 19
4 21
4 24
4 25
4 27
4 28
4 29
4 30
4 32
5 6
5 7
5 8
5 9
5 10
5 11
5 12
5 16
5 17
5 18
5 19
5 20
5 21
5 22
5 23
5 24
5 25
5 27
5 28
5 29
5 31
6 8
6 10
6 11
6 12
6 15
6 16
6 21
6 22
6 23
6 28
6 29
7 9
7 11
7 12
7 14
7 15
7 16
7 17
7 21
7 22
7 23
7 24
7 25
7 26
7 27
7 29
7 30
8 9
8 10
8 11
8 12
8 13
8 14
8 15
8 16
8 18
8 19
8 20
8 21
8 24
8 26
8 27
8 28
8 31
9 18
9 20
9 21
9 22
9 23
9 25
9 27
9 28
9 29
9 30
9 31
10 11
10 12
10 13
10 19
10 20
10 21
10 23
10 24
10 26
10 28
10 29
10 30
10 31
10 32
11 13
11 14
11 15
11 16
11 17
11 18
11 21
11 22
11 24
11 25
11 26
11 28
11 30
11 31
11 32
12 13
12 15
12 16
12 19
12 20
12 23
12 24
12 26
12 28
12 29
12 30
12 31
12 32
13 14
13 16
13 18
13 19
13 20
13 22
13 23
13 24
13 28
13 29
13 32
14 16
14 18
14 20
14 22
14 23
14 24
14 25
14 26
14 30
14 31
14 32
15 17
15 18
15 19
15 20
15 21
15 22
15 24
15 25
15 26
15 27
15 29
16 18
16 20
16 21
16 22
16 23
16 25
16 30
16 32
17 18
17 21
17 24
17 26
17 28
17 30
18 19
18 22
18 24
18 25
18 26
18 28
18 30
19 21
19 23
19 25
19 26
19 27
19 28
19 31
19 32
20 21
20 24
20 25
20 26
20 27
20 28
20 30
21 23
21 27
21 29
21 30
21 31
21 32
22 23
22 26
22 28
22 29
22 30
23 24
23 25
23 26
23 29
23 30
23 31
23 32
24 26
24 29
24 31
25 27
25 28
25 29
25 30
26 29
26 31
26 32
27 30
27 31
27 32
29 32
30 31
6 29 4 1
25 2 29 1
12 20 6 1
13 3 6 1
3 7 2 1
19 4 20 1
9 31 14 1
13 11 2 1
14 15 0 1
11 30 6 1
