29 258
0 1
0 3
0 4
0 6
0 7
0 9
0 10
0 11
0 12
0 13
0 14
0 15
0 16
0 20
0 22
0 23
0 24
0 25
0 26
0 27
1 2
1 3
1 4
1 6
1 11
1 12
1 13
1 14
1 16
1 18
1 19
1 20
1 26
1 27
1 28
2 3
2 4
2 5
2 6
2 9
2 10
2 15
2 16
2 17
2 18
2 19
2 20
2 22
2 23
2 24
2 28
3 5
3 9
3 10
3 13
3 16
3 19
3 20
3 21
3 22
3 23
3 24
3 26
3 27
4 5
4 6
4 7
4 8
4 10
4 12
4 14
4 15
4 16
4 17
4 19
4 20
4 21
4 22
4 24
4 26
4 27
4 28
5 6
5 8
5 9
5 10
5 11
5 12
5 14
5 15
5 18
5 22
5 23
5 27
5 28
6 7
6 8
6 9
6 10
6 11
6 14
6 16
6 17
6 18
6 20
6 24
6 25
6 27
7 8
7 11
7 15
7 16
7 17
7 18
7 19
7 20
7 21
7 24
7 25
7 26
7 27
8 10
8 11
8 12
8 13
8 14
8 15
8 16
8 17
8 18
8 20
8 21
8 23
8 24
8 25
9 11
9 15
9 19
9 21
9 22
9 23
9 24
9 25
9 27
10 11
10 12
10 13
10 15
10 16
10 17
10 19
10 21
10 22
10 23
10 25
10 26
10 28
11 12
11 13
11 14
11 16
11 17
11 18
11 20
11 21
11 22
11 24
11 25
11 26
11 28
12 13
12 18
12 20
12 25
12 27
12 28
13 14
13 15
13 17
13 19
13 20
13 21
13 22
13 24
13 26
13 27
13 28
14 15
14 18
14 19
14 20
14 23
14 24
14 25
14 26
14 28
15 17
15 18
15 22
15 24
15 25
15 26
15 27
15 28
16 17
16 18
16 19
16 20
16 21
16 22
16 24
16 26
16 28
17 19
17 20
17 23
17 24
17 25
17 26
17 27
17 28
18 19
18 20
18 21
18 22
18 24
18 25
18 27
19 20
19 21
19 22
19 23
19 26
19 27
19 28
20 21
20 23
20 24
20 25
20 26
20 27
21 22
21 27
21 28
22 23
22 24
22 25
22 27
23 25
23 26
23 28
24 25
24 27
24 28
25 26
26 27
26 28
27 28
1 19 16 1
6 5 4 1
20 11 0 1
21 9 6 1
1 21 5 1
24 19 21 1
4 25 26 1
0 15 2 1
24 21 4 1
25 6 16 1
