29 233
0 1
0 3
0 4
0 5
0 6
0 8
0 9
0 10
0 11
0 15
0 17
0 18
0 19
0 20
0 22
0 23
0 24
0 26
0 27
0 28
1 3
1 10
1 11
1 13
1 15
1 16
1 18
1 19
1 21
1 22
1 23
1 24
1 25
1 26
1 27
2 5
2 7
2 8
2 9
2 11
2 13
2 14
2 16
2 18
2 22
2 25
2 26
2 27
2 28
3 4
3 6
3 7
3 10
3 11
3 12
3 14
3 23
3 24
3 25
3 26
3 27
3 28
4 5
4 6
4 7
4 8
4 10
4 11
4 12
4 13
4 16
4 17
4 18
4 22
4 23
4 24
4 25
4 26
4 28
5 7
5 8
5 10
5 12
5 14
5 15
5 17
5 18
5 21
5 22
5 23
5 24
5 25
5 28
6 9
6 10
6 11
6 13
6 15
6 16
6 18
6 19
6 22
6 24
6 27
6 28
7 8
7 9
7 17
7 19
7 24
7 25
7 26
7 27
7 28
8 9
8 10
8 13
8 14
8 16
8 17
8 18
8 21
8 22
8 23
8 26
8 27
8 28
9 10
9 11
9 12
9 14
9 15
9 18
9 20
9 21
9 22
9 23
9 25
9 26
10 11
10 13
10 14
10 15
10 16
10 18
10 19
10 20
10 21
10 23
10 24
10 25
10 28
11 12
11 13
11 15
11 16
11 17
11 18
11 21
11 23
11 24
11 25
11 27
11 28
12 14
12 16
12 17
12 19
12 21
12 22
12 23
12 25
12 28
13 14
13 15
13 17
13 22
13 23
13 25
13 26
13 28
14 15
14 16
14 17
14 18
14 20
14 23
14 25
14 27
14 28
15 16
15 19
15 20
15 24
15 28
16 17
16 21
16 23
16 26
16 27
17 18
17 19
17 21
17 22
17 24
17 26
17 27
17 28
18 20
18 21
18 22
18 26
19 20
19 22
19 24
19 26
19 27
19 28
20 23
20 27
20 28
21 22
21 23
21 27
22 28
23 24
23 27
24 25
24 26
24 28
25 26
26 27
27 28
11 20 5 1
12 8 4 1
8 10 9 1
28 9 4 1
5 16 0 1
23 11 0 1
17 14 20 1
6 2 21 1
17 8 23 1
10 8 7 1
