29 224
0 2
0 6
0 7
0 9
0 11
0 12
0 14
0 18
0 19
0 21
0 23
0 24
0 25
0 27
1 4
1 8
1 10
1 12
1 14
1 15
1 16
1 18
1 19
1 20
1 21
1 22
1 23
1 25
1 26
2 3
2 4
2 5
2 6
2 7
2 10
2 11
2 12
2 14
2 15
2 16
2 17
2 18
2 22
2 25
2 28
3 4
3 6
3 9
3 10
3 11
3 12
3 15
3 16
3 21
3 24
3 25
3 26
3 27
4 6
4 9
4 12
4 14
4 16
4 17
4 18
4 19
4 22
4 25
4 28
5 6
5 8
5 10
5 12
5 13
5 17
5 19
5 21
5 22
5 25
5 27
5 28
6 9
6 11
6 13
6 14
6 16
6 17
6 20
6 21
6 22
6 23
6 24
6 25
6 26
6 27
6 28
7 8
7 9
7 12
7 14
7 17
7 18
7 24
7 26
7 27
8 9
8 10
8 11
8 12
8 14
8 15
8 17
8 18
8 20
8 21
8 22
8 23
8 24
8 26
8 27
8 28
9 10
9 11
9 12
9 13
9 15
9 16
9 19
9 21
9 26
9 28
10 13
10 15
10 17
10 20
10 21
10 22
10 23
10 24
10 25
10 28
11 12
11 14
11 15
11 16
11 17
11 18
11 19
11 20
11 21
11 22
11 23
11 26
11 28
12 15
12 19
12 21
12 22
12 25
12 28
13 14
13 16
13 20
13 21
13 22
13 23
13 24
13 25
13 28
14 15
14 17
14 18
14 19
14 26
14 28
15 16
15 17
15 21
15 26
15 27
15 28
16 17
16 18
16 19
16 20
16 21
16 22
16 23
16 25
16 26
16 27
17 18
17 19
17 24
17 25
17 26
18 19
18 20
18 24
18 25
18 27
19 21
19 23
19 26
19 27
19 28
20 21
20 23
21 25
21 27
22 23
22 25
22 26
22 28
23 25
23 26
23 27
24 25
24 26
24 28
25 26
26 27
26 28
27 28
18 5 22 1
4 0 10 1
17 4 15 1
15 16 12 1
3 1 4 1
1 14 17 1
24 14 11 1
17 27 15 1
24 8 16 1
26 10 20 1
