34 309
0 1
0 3
0 6
0 9
0 10
0 11
0 13
0 15
0 17
0 20
0 21
0 26
0 27
0 29
0 30
0 32
0 33
1 2
1 3
1 6
1 8
1 9
1 10
1 11
1 12
1 13
1 14
1 15
1 16
1 17
1 18
1 19
1 21
1 23
1 24
1 25
1 26
1 27
1 30
1 31
1 33
2 3
2 5
2 6
2 7
2 9
2 10
2 16
2 17
2 18
2 20
2 21
2 24
2 26
2 28
2 32
2 33
3 5
3 6
3 10
3 11
3 13
3 14
3 15
3 17
3 20
3 21
3 22
3 25
3 26
3 27
3 28
3 29
3 33
4 6
4 7
4 9
4 10
4 11
4 12
4 13
4 14
4 15
4 16
4 17
4 19
4 20
4 21
4 23
4 24
4 25
4 26
4 27
4 28
4 30
4 31
4 32
5 6
5 8
5 9
5 12
5 13
5 15
5 16
5 17
5 18
5 21
5 22
5 23
5 24
5 25
5 28
5 29
6 7
6 8
6 10
6 11
6 13
6 14
6 16
6 20
6 21
6 23
6 25
6 27
6 28
6 29
6 30
6 32
6 33
7 8
7 9
7 15
7 16
7 19
7 20
7 24
7 26
7 27
7 30
8 9
8 12
8 13
8 15
8 18
8 19
8 21
8 22
8 23
8 25
8 27
8 28
8 30
9 14
9 15
9 16
9 17
9 19
9 20
9 21
9 23
9 25
9 26
9 32
9 33
10 11
10 12
10 13
10 14
10 16
10 18
10 21
10 22
10 23
10 27
10 29
10 30
10 32
11 12
11 13
11 14
11 15
11 21
11 22
11 23
11 25
11 27
11 29
11 31
11 32
11 33
12 13
12 14
12 16
12 17
12 20
12 24
12 26
12 28
12 32
12 33
13 15
13 17
13 20
13 23
13 25
13 26
13 28
14 18
14 21
14 22
14 26
14 29
14 30
14 33
15 16
15 19
15 23
15 27
15 30
16 17
16 20
16 21
16 23
16 25
16 26
16 31
16 32
17 18
17 19
17 22
17 23
17 24
17 25
17 27
17 30
18 19
18 21
18 24
18 25
18 27
18 28
18 30
18 32
18 33
19 25
19 26
19 31
19 32
20 21
20 24
20 27
20 28
20 30
20 31
21 22
21 23
21 24
21 26
21 27
21 29
21 30
21 31
21 32
22 23
22 24
22 25
22 27
22 28
22 29
22 31
22 32
22 33
23 25
23 26
23 27
23 28
23 31
23 33
24 27
24 29
24 32
25 26
25 27
25 29
25 30
25 32
26 27
26 29
26 30
26 31
26 32
27 30
27 31
27 32
27 33
28 29
28 30
28 32
28 33
29 30
29 31
29 33
30 31
30 32
30 33
31 32
31 33
32 33
24 26 5 1
14 13 16 1
18 20 5 1
30 1 5 1
17 3 30 1
15 7 10 1
0 25 1 1
7 16 1 1
25 6 22 1
32 30 8 1
