29 249
0 1
0 5
0 7
0 8
0 9
0 10
0 13
0 14
0 15
0 16
0 19
0 20
0 21
0 22
0 23
0 24
0 26
0 28
1 2
1 3
1 7
1 8
1 9
1 10
1 11
1 13
1 16
1 17
1 19
1 20
1 21
1 22
1 23
1 24
1 25
1 26
1 27
1 28
2 3
2 4
2 6
2 9
2 10
2 11
2 12
2 13
2 14
2 15
2 16
2 17
2 20
2 22
2 27
2 28
3 8
3 10
3 13
3 15
3 17
3 18
3 19
3 20
3 21
3 22
3 23
3 24
3 25
3 28
4 7
4 11
4 14
4 15
4 16
4 19
4 20
4 21
4 24
4 25
4 27
5 6
5 9
5 11
5 13
5 14
5 18
5 21
5 23
5 24
5 25
5 26
5 27
5 28
6 10
6 11
6 12
6 13
6 18
6 20
6 23
6 25
6 26
6 27
7 8
7 10
7 11
7 14
7 20
7 21
7 22
7 23
7 25
7 26
7 27
7 28
8 9
8 11
8 12
8 13
8 14
8 15
8 18
8 19
8 20
8 23
8 25
8 26
8 28
9 11
9 12
9 13
9 17
9 18
9 19
9 20
9 22
9 23
9 24
9 26
9 27
10 11
10 12
10 16
10 17
10 18
10 19
10 20
10 21
10 23
10 25
10 27
10 28
11 12
11 15
11 16
11 17
11 18
11 19
11 20
11 21
11 27
12 13
12 15
12 16
12 19
12 20
12 23
12 24
12 25
12 26
12 27
13 14
13 15
13 16
13 17
13 18
13 19
13 20
13 22
13 25
13 26
13 27
13 28
14 15
14 17
14 18
14 20
14 21
14 22
14 23
14 24
14 25
14 27
14 28
15 16
15 17
15 22
15 23
15 24
15 25
15 26
16 17
16 18
16 19
16 20
16 21
16 25
16 26
17 18
17 19
17 20
17 21
17 22
17 23
17 24
17 25
17 27
17 28
18 20
18 21
18 22
18 25
18 27
19 20
19 22
19 24
19 25
19 26
19 28
20 22
20 27
20 28
21 22
21 23
21 24
21 26
21 27
21 28
22 23
22 24
22 25
23 24
23 28
24 25
24 26
24 27
24 28
25 28
26 28
27 28
10 13 11 1
13 1 3 1
17 1 12 1
4 14 21 1
12 15 0 1
5 21 13 1
21 8 12 1
14 26 10 1
13 24 3 1
1 4 21 1
