28 216
0 1
0 2
0 3
0 5
0 10
0 11
0 12
0 13
0 14
0 15
0 20
0 21
0 22
0 25
0 27
1 2
1 3
1 4
1 5
1 6
1 7
1 8
1 9
1 10
1 11
1 12
1 17
1 22
1 23
1 25
1 27
2 3
2 4
2 5
2 12
2 14
2 15
2 17
2 20
2 21
2 23
2 26
2 27
3 4
3 5
3 6
3 9
3 11
3 13
3 17
3 18
3 20
3 23
3 25
3 26
4 7
4 9
4 10
4 11
4 14
4 16
4 17
4 18
4 20
4 21
4 27
5 7
5 8
5 10
5 11
5 14
5 16
5 17
5 18
5 22
5 23
5 24
5 27
6 7
6 9
6 10
6 11
6 13
6 17
6 20
6 21
6 22
6 23
6 24
6 25
6 27
7 8
7 9
7 10
7 11
7 12
7 14
7 19
7 20
7 21
7 22
7 24
7 27
8 10
8 12
8 14
8 15
8 16
8 17
8 19
8 20
8 24
8 25
8 27
9 10
9 11
9 14
9 15
9 16
9 18
9 19
9 24
9 25
9 26
9 27
10 11
10 12
10 14
10 15
10 16
10 17
10 18
10 20
10 27
11 12
11 13
11 15
11 16
11 18
11 19
11 20
11 21
11 22
11 23
11 25
12 13
12 15
12 17
12 18
12 19
12 20
12 21
12 22
12 24
12 27
13 14
13 15
13 17
13 18
13 24
13 25
13 26
13 27
14 15
14 21
14 23
14 25
14 27
15 16
15 18
15 19
15 20
15 22
15 24
15 25
15 26
15 27
16 18
16 19
16 20
16 22
16 23
16 24
16 26
17 18
17 19
17 21
17 22
17 23
17 24
17 27
18 19
18 21
18 22
18 23
18 24
18 25
19 20
19 25
19 26
20 23
20 24
20 26
21 22
21 23
21 25
21 26
22 24
22 26
23 24
23 25
23 27
24 25
25 26
25 27
26 27
15 20 25 1
23 24 5 1
16 5 8 1
21 19 11 1
20 26 6 1
14 12 16 1
26 24 22 1
25 6 9 1
19 25 10 1
23 3 17 1
