30 262
0 1
0 2
0 3
0 6
0 7
0 11
0 12
0 13
0 14
0 15
0 16
0 17
0 19
0 21
0 23
0 27
0 28
0 29
1 2
1 5
1 7
1 8
1 9
1 10
1 11
1 14
1 15
1 18
1 19
1 20
1 21
1 25
1 28
1 29
2 4
2 6
2 7
2 10
2 12
2 13
2 15
2 17
2 18
2 20
2 21
2 23
2 24
2 25
2 26
2 27
2 28
2 29
3 5
3 9
3 11
3 12
3 13
3 15
3 18
3 22
3 23
3 24
3 25
3 26
3 27
3 28
4 5
4 8
4 12
4 15
4 16
4 18
4 19
4 23
4 25
4 28
4 29
5 9
5 10
5 11
5 13
5 16
5 18
5 19
5 20
5 21
5 23
5 24
5 25
5 26
5 27
5 28
5 29
6 7
6 8
6 9
6 10
6 12
6 13
6 14
6 16
6 18
6 19
6 22
6 23
6 24
6 26
6 27
6 29
7 8
7 12
7 14
7 17
7 18
7 19
7 22
7 24
7 25
7 26
7 27
8 9
8 10
8 13
8 14
8 15
8 16
8 21
8 23
8 24
8 25
8 26
8 29
9 10
9 11
9 12
9 15
9 17
9 20
9 22
9 23
9 24
9 28
10 12
10 13
10 14
10 17
10 18
10 19
10 22
10 23
10 24
10 26
10 27
10 29
11 12
11 13
11 14
11 16
11 18
11 21
11 23
11 24
11 26
11 27
12 13
12 14
12 15
12 16
12 17
12 18
12 21
12 22
12 23
12 24
12 26
12 27
12 28
12 29
13 15
13 18
13 20
13 25
13 26
13 27
13 28
13 29
14 16
14 18
14 20
14 21
14 23
14 25
14 27
14 28
14 29
15 16
15 19
15 20
15 23
15 24
15 26
15 27
15 28
15 29
16 17
16 18
16 19
16 22
16 23
16 24
16 25
16 27
16 28
16 29
17 18
17 19
17 22
17 23
17 25
17 27
17 28
18 21
18 22
18 23
18 24
18 25
18 28
19 20
19 21
19 22
19 27
20 23
20 24
20 25
20 27
20 28
21 22
21 23
21 24
21 25
21 26
21 29
22 23
22 24
22 25
22 28
23 25
23 26
23 27
24 25
24 26
24 28
24 29
25 26
25 27
25 28
25 29
26 27
26 28
26 29
27 29
28 29
11 6 27 1
23 13 15 1
12 20 14 1
2 25 21 1
3 5 17 1
13 22 16 1
6 16 21 1
5 23 19 1
17 1 19 1
26 0 25 1
