28 237
0 2
0 3
0 4
0 5
0 6
0 7
0 8
0 11
0 12
0 15
0 16
0 17
0 19
0 20
0 24
0 25
0 26
0 27
1 2
1 3
1 4
1 6
1 8
1 9
1 11
1 12
1 13
1 14
1 18
1 19
1 24
1 25
1 26
2 4
2 5
2 6
2 9
2 11
2 13
2 14
2 16
2 17
2 18
2 21
2 23
2 25
2 27
3 4
3 5
3 7
3 9
3 11
3 12
3 13
3 15
3 16
3 17
3 18
3 19
3 21
3 22
3 23
3 24
3 26
3 27
4 5
4 6
4 10
4 12
4 15
4 17
4 21
4 23
4 24
4 25
5 7
5 8
5 9
5 13
5 14
5 15
5 16
5 17
5 18
5 19
5 20
5 21
5 22
5 23
5 24
5 25
5 26
6 7
6 8
6 10
6 13
6 14
6 15
6 16
6 17
6 18
6 19
6 21
6 24
6 25
7 8
7 9
7 10
7 11
7 12
7 13
7 15
7 16
7 19
7 20
7 22
7 23
7 24
7 25
7 26
7 27
8 11
8 12
8 13
8 14
8 15
8 16
8 17
8 18
8 19
8 20
8 22
8 23
8 24
8 26
8 27
9 10
9 11
9 12
9 13
9 15
9 17
9 19
9 20
9 21
9 23
9 24
9 25
9 26
9 27
10 11
10 12
10 13
10 14
10 15
10 16
10 17
10 19
10 20
10 21
10 23
10 24
10 25
10 26
10 27
11 14
11 19
11 22
11 23
11 25
11 27
12 13
12 15
12 16
12 23
12 24
13 14
13 15
13 17
13 19
13 22
13 23
13 24
13 25
13 27
14 15
14 17
14 18
14 19
14 21
14 22
14 23
14 26
15 16
15 19
15 20
15 22
15 23
15 26
16 17
16 21
16 22
16 24
16 27
17 18
17 19
17 21
17 22
17 23
17 24
17 27
18 19
18 20
18 22
18 26
18 27
19 21
19 23
19 25
19 27
20 21
20 23
20 24
20 25
20 26
20 27
21 24
21 25
22 24
22 25
22 26
23 24
23 26
24 25
24 26
25 27
26 27
25 14 0 1
19 3 13 1
19 4 17 1
14 16 17 1
27 19 9 1
16 4 23 1
12 24 3 1
11 6 1 1
15 13 4 1
0 18 21 1
