30 255
0 1
0 2
0 3
0 4
0 6
0 7
0 9
0 10
0 11
0 13
0 16
0 17
0 18
0 19
0 20
0 21
0 25
0 28
0 29
1 3
1 4
1 5
1 6
1 7
1 9
1 10
1 11
1 12
1 14
1 15
1 16
1 17
1 18
1 19
1 20
1 21
1 22
1 23
1 24
1 27
1 28
1 29
2 8
2 10
2 11
2 13
2 18
2 20
2 22
2 23
2 24
2 27
2 28
2 29
3 5
3 9
3 11
3 13
3 16
3 19
3 20
3 23
3 24
3 25
3 26
3 27
3 28
4 6
4 7
4 9
4 10
4 11
4 12
4 13
4 15
4 16
4 19
4 21
4 23
4 26
4 27
4 28
5 6
5 7
5 11
5 13
5 14
5 16
5 17
5 18
5 20
5 21
5 22
5 24
5 25
5 26
5 27
5 28
6 9
6 12
6 13
6 16
6 17
6 19
6 20
6 21
6 24
6 25
6 26
6 28
7 9
7 10
7 11
7 12
7 14
7 15
7 16
7 18
7 19
7 20
7 21
7 23
7 25
7 26
7 28
8 9
8 10
8 16
8 17
8 19
8 20
8 21
8 24
8 26
8 29
9 10
9 11
9 12
9 14
9 16
9 20
9 21
9 22
9 23
9 24
9 26
9 28
10 11
10 12
10 14
10 15
10 18
10 19
10 21
10 22
10 24
10 25
10 26
10 28
10 29
11 14
11 16
11 17
11 19
11 20
11 22
11 23
11 24
11 25
11 26
11 28
11 29
12 13
12 14
12 15
12 18
12 19
12 20
12 21
12 22
12 24
12 25
12 29
13 15
13 16
13 18
13 19
13 21
13 22
13 23
13 24
13 27
14 15
14 19
14 20
14 22
14 23
14 24
14 25
14 26
14 27
15 17
15 18
15 19
15 20
15 22
15 24
15 25
15 26
15 27
16 19
16 20
16 21
16 22
16 26
16 28
17 19
17 20
17 21
17 22
17 23
18 25
18 27
18 28
18 29
19 20
19 21
19 23
19 24
19 25
19 26
19 28
19 29
20 24
20 25
20 26
20 27
20 29
21 22
21 24
21 25
22 23
22 24
22 27
23 24
23 25
23 27
23 28
24 29
25 26
25 29
26 27
26 28
26 29
27 29
24 26 7 1
29 5 8 1
16 21 7 1
25 26 12 1
18 23 14 1
12 21 24 1
1 25 20 1
2 22 28 1
25 17 1 1
13 12 25 1
