33 307
0 2
0 4
0 5
0 6
0 7
0 9
0 10
0 12
0 14
0 15
0 16
0 19
0 21
0 22
0 23
0 24
0 26
0 28
0 29
0 30
0 31
0 32
1 2
1 5
1 6
1 7
1 10
1 13
1 14
1 17
1 20
1 24
1 25
1 26
1 27
1 29
1 31
2 4
2 6
2 7
2 12
2 13
2 17
2 18
2 21
2 23
2 24
2 27
2 28
2 29
2 30
3 6
3 7
3 9
3 10
3 11
3 12
3 13
3 15
3 17
3 18
3 19
3 21
3 23
3 24
3 25
3 26
3 28
3 30
3 31
3 32
4 5
4 7
4 8
4 9
4 12
4 13
4 15
4 16
4 17
4 19
4 22
4 27
4 29
4 30
4 31
4 32
5 7
5 8
5 9
5 10
5 11
5 12
5 14
5 17
5 18
5 22
5 27
5 28
5 31
6 7
6 8
6 10
6 12
6 13
6 16
6 19
6 20
6 21
6 23
6 26
6 31
7 8
7 9
7 10
7 11
7 12
7 15
7 17
7 19
7 20
7 23
7 24
7 25
7 28
7 29
7 32
8 9
8 11
8 12
8 13
8 14
8 15
8 18
8 19
8 20
8 21
8 22
8 23
8 24
8 25
8 28
8 29
8 31
8 32
9 10
9 11
9 12
9 13
9 16
9 17
9 18
9 19
9 21
9 23
9 25
9 26
9 27
9 28
9 30
10 12
10 15
10 16
10 17
10 18
10 22
10 23
10 24
10 28
10 29
10 30
10 31
10 32
11 15
11 16
11 17
11 19
11 20
11 21
11 23
11 24
11 25
11 26
11 27
11 28
11 29
11 30
11 31
12 14
12 17
12 18
12 20
12 22
12 23
12 24
12 25
12 26
12 30
12 32
13 15
13 16
13 18
13 19
13 22
13 23
13 24
13 27
13 28
14 17
14 18
14 21
14 22
14 24
14 25
14 26
14 28
14 30
14 31
14 32
15 17
15 19
15 20
15 21
15 22
15 23
15 26
15 30
15 31
15 32
16 22
16 24
16 25
16 26
16 27
16 28
16 29
16 30
16 32
17 18
17 19
17 20
17 22
17 24
17 26
17 27
17 31
17 32
18 19
18 20
18 22
18 25
18 26
18 29
18 30
18 31
18 32
19 20
19 22
19 24
19 26
19 27
19 28
19 30
20 22
20 23
20 24
20 26
20 28
20 29
20 30
20 32
21 22
21 23
21 25
21 26
21 27
21 28
21 29
22 25
22 26
22 27
22 28
22 29
23 24
23 26
23 28
23 29
24 25
24 27
24 28
24 29
24 30
24 32
25 26
25 28
25 32
26 27
26 28
26 30
26 32
27 29
28 30
28 31
28 32
29 31
29 32
31 32
25 28 24 1
2 14 32 1
11 21 16 1
22 4 5 1
15 3 19 1
6 0 29 1
27 21 28 1
11 32 20 1
1 13 26 1
20 30 3 1
