29 231
0 1
0 2
0 3
0 4
0 5
0 6
0 7
0 9
0 10
0 11
0 12
0 13
0 14
0 15
0 16
0 17
0 18
0 21
0 22
0 25
0 26
0 27
1 2
1 4
1 6
1 7
1 9
1 12
1 16
1 18
1 21
1 22
1 23
1 27
1 28
2 3
2 6
2 9
2 10
2 13
2 14
2 15
2 16
2 18
2 20
2 21
2 22
3 4
3 6
3 7
3 9
3 12
3 14
3 21
3 22
3 24
3 25
3 28
4 6
4 7
4 8
4 10
4 15
4 16
4 17
4 19
4 23
4 24
4 25
4 27
4 28
5 10
5 11
5 12
5 13
5 14
5 15
5 16
5 18
5 23
5 24
5 25
5 26
5 27
5 28
6 8
6 10
6 13
6 14
6 15
6 20
6 21
6 25
6 26
6 28
7 9
7 11
7 12
7 18
7 19
7 21
7 26
8 10
8 11
8 12
8 13
8 16
8 17
8 18
8 19
8 20
8 21
8 22
8 25
8 26
8 27
8 28
9 11
9 13
9 14
9 17
9 19
9 20
9 21
9 22
9 23
9 27
9 28
10 11
10 12
10 13
10 14
10 15
10 17
10 18
10 19
10 22
10 24
10 25
10 27
10 28
11 15
11 17
11 18
11 19
11 20
11 22
11 23
11 26
11 28
12 13
12 14
12 15
12 16
12 17
12 18
12 19
12 20
12 21
12 22
12 23
12 25
13 14
13 16
13 17
13 20
13 23
13 24
13 25
13 27
14 17
14 18
14 19
14 20
14 21
14 22
14 25
14 28
15 18
15 20
15 22
15 24
15 26
15 27
16 18
16 20
16 22
16 23
16 27
17 19
17 21
17 22
17 26
17 27
17 28
18 19
18 20
18 24
18 25
19 20
19 22
19 24
19 25
19 26
19 27
19 28
20 21
20 24
20 25
20 26
20 28
21 23
21 24
21 25
21 26
21 28
22 23
22 24
22 25
22 27
22 28
23 24
23 26
23 27
23 28
24 26
24 28
25 26
25 27
26 27
26 28
14 19 27 1
20 11 16 1
3 10 5 1
6 25 18 1
25 6 18 1
21 28 16 1
13 20 25 1
11 13 15 1
18 0 24 1
17 16 14 1
