33 325
0 1
0 3
0 4
0 5
0 6
0 7
0 8
0 10
0 12
0 14
0 17
0 19
0 20
0 21
0 24
0 25
0 27
0 28
0 29
1 4
1 5
1 6
1 7
1 11
1 12
1 14
1 15
1 16
1 21
1 22
1 24
1 26
1 27
1 28
1 29
1 30
1 31
1 32
2 3
2 5
2 8
2 10
2 12
2 13
2 14
2 15
2 16
2 17
2 18
2 19
2 20
2 24
2 25
2 26
2 28
2 29
2 30
2 31
3 5
3 6
3 11
3 13
3 14
3 15
3 19
3 20
3 21
3 22
3 24
3 25
3 28
3 29
3 32
4 5
4 6
4 7
4 9
4 10
4 12
4 13
4 14
4 15
4 16
4 19
4 20
4 21
4 22
4 23
4 24
4 25
4 26
4 27
4 28
4 29
4 30
4 32
5 6
5 8
5 9
5 14
5 15
5 18
5 20
5 22
5 24
5 26
5 28
5 29
5 30
5 31
5 32
6 8
6 9
6 10
6 12
6 13
6 15
6 18
6 19
6 20
6 21
6 23
6 24
6 28
6 29
7 9
7 10
7 11
7 12
7 14
7 15
7 16
7 20
7 21
7 23
7 24
7 26
7 28
7 29
7 30
7 31
7 32
8 9
8 10
8 11
8 12
8 14
8 15
8 16
8 18
8 19
8 20
8 21
8 22
8 23
8 25
8 26
8 27
8 28
8 29
8 30
9 12
9 13
9 14
9 15
9 17
9 18
9 21
9 23
9 24
9 26
9 27
9 28
9 29
9 30
9 31
9 32
10 12
10 13
10 15
10 18
10 19
10 21
10 22
10 23
10 24
10 25
10 27
10 30
10 31
11 15
11 17
11 20
11 22
11 23
11 25
11 27
11 28
11 29
11 31
12 13
12 14
12 17
12 18
12 19
12 25
12 26
12 28
12 29
12 30
12 31
13 14
13 15
13 16
13 17
13 18
13 20
13 21
13 23
13 24
13 25
13 26
13 27
13 28
14 16
14 21
14 22
14 23
14 25
14 26
14 27
14 28
14 29
14 32
15 18
15 19
15 20
15 21
15 23
15 24
15 26
15 28
15 29
15 30
15 31
16 17
16 18
16 22
16 23
16 24
16 25
16 26
16 28
16 29
16 31
17 18
17 20
17 21
17 22
17 23
17 24
17 25
17 26
17 31
18 19
18 21
18 24
18 26
18 27
18 28
18 29
18 30
18 31
18 32
19 20
19 21
19 23
19 24
19 25
19 26
19 28
19 30
19 31
20 21
20 23
20 24
20 26
20 27
20 28
20 29
20 31
20 32
21 22
21 24
21 25
21 26
21 30
22 23
22 25
22 26
22 28
22 29
22 32
23 24
23 25
23 28
23 30
23 31
23 32
24 26
24 27
24 28
24 30
25 26
25 27
25 28
25 30
25 31
25 32
26 27
26 28
26 30
27 28
28 32
29 31
30 1 26 1
18 25 26 1
1 29 12 1
5 0 10 1
17 15 22 1
20 26 32 1
12 15 18 1
24 17 16 1
23 24 21 1
27 20 1 1
