32 303
0 2
0 3
0 4
0 5
0 8
0 9
0 10
0 11
0 12
0 14
0 15
0 16
0 18
0 19
0 21
0 24
0 25
0 26
0 28
0 29
0 30
0 31
1 2
1 3
1 5
1 6
1 7
1 8
1 10
1 11
1 14
1 15
1 17
1 18
1 19
1 20
1 23
1 24
1 25
1 27
1 30
1 31
2 3
2 5
2 6
2 7
2 8
2 9
2 11
2 14
2 22
2 24
2 26
2 27
2 28
2 29
2 30
3 6
3 8
3 9
3 10
3 12
3 13
3 14
3 15
3 17
3 19
3 22
3 23
3 26
3 28
3 29
3 31
4 5
4 7
4 8
4 12
4 15
4 16
4 18
4 19
4 20
4 22
4 23
4 24
4 26
4 27
4 29
4 30
5 7
5 8
5 9
5 11
5 13
5 14
5 16
5 18
5 20
5 22
5 26
5 27
5 28
5 29
5 31
6 7
6 9
6 11
6 13
6 14
6 18
6 19
6 20
6 21
6 22
6 23
6 25
6 27
6 29
6 30
7 9
7 12
7 13
7 16
7 22
7 24
7 25
7 26
7 27
7 28
7 30
8 10
8 11
8 12
8 13
8 14
8 17
8 19
8 24
8 25
8 26
8 27
8 28
8 29
8 30
9 10
9 11
9 12
9 13
9 14
9 15
9 16
9 17
9 19
9 20
9 23
9 24
9 26
9 27
9 28
9 30
9 31
10 13
10 14
10 16
10 17
10 18
10 19
10 20
10 22
10 25
10 27
10 31
11 12
11 13
11 14
11 17
11 20
11 21
11 22
11 23
11 24
11 25
11 26
11 30
11 31
12 13
12 15
12 17
12 19
12 20
12 21
12 22
12 23
12 25
12 31
13 14
13 15
13 16
13 17
13 18
13 21
13 22
13 23
13 25
13 26
13 27
13 28
13 29
13 31
14 15
14 17
14 18
14 20
14 22
14 23
14 26
14 27
14 29
14 31
15 16
15 20
15 21
15 22
15 23
15 24
15 25
15 26
15 27
15 28
15 29
15 31
16 17
16 18
16 19
16 21
16 24
16 25
16 26
16 27
16 28
16 29
16 30
17 18
17 19
17 20
17 21
17 23
17 29
17 30
17 31
18 19
18 21
18 24
18 25
18 26
18 28
18 30
19 20
19 22
19 25
19 26
19 28
19 29
19 31
20 21
20 22
20 24
20 25
20 26
20 27
20 28
20 30
20 31
21 22
21 24
21 25
21 27
21 28
21 29
22 23
22 26
22 28
22 30
23 24
23 25
23 26
23 28
23 31
24 26
24 28
24 29
24 31
25 27
25 29
26 27
26 28
26 29
26 30
26 31
27 28
27 29
28 29
28 30
8 18 4 1
9 25 8 1
20 10 24 1
7 16 12 1
30 14 23 1
5 31 20 1
11 5 9 1
18 16 20 1
5 16 19 1
22 27 3 1
