30 277
0 2
0 3
0 4
0 5
0 6
0 7
0 8
0 11
0 12
0 13
0 14
0 15
0 16
0 17
0 18
0 19
0 20
0 25
0 27
0 28
0 29
1 2
1 6
1 7
1 8
1 9
1 10
1 12
1 14
1 15
1 16
1 18
1 19
1 22
1 23
1 25
1 26
1 28
2 3
2 4
2 5
2 6
2 7
2 10
2 11
2 13
2 14
2 15
2 16
2 18
2 19
2 20
2 24
2 25
2 26
2 27
2 28
3 6
3 7
3 8
3 9
3 10
3 11
3 13
3 15
3 16
3 17
3 19
3 20
3 22
3 23
3 24
3 26
3 27
3 28
3 29
4 5
4 6
4 8
4 11
4 12
4 14
4 15
4 16
4 17
4 20
4 21
4 22
4 26
4 28
5 6
5 7
5 8
5 9
5 10
5 12
5 13
5 15
5 16
5 17
5 20
5 21
5 22
5 24
5 25
5 26
5 27
5 28
5 29
6 8
6 11
6 12
6 13
6 14
6 15
6 16
6 17
6 20
6 21
6 23
6 24
6 25
6 26
6 27
7 10
7 19
7 20
7 21
7 22
7 24
7 25
7 27
7 28
8 9
8 10
8 11
8 12
8 13
8 18
8 22
8 23
8 24
8 25
8 26
8 27
8 28
9 10
9 12
9 13
9 14
9 15
9 16
9 18
9 19
9 21
9 22
9 23
9 25
9 26
9 28
9 29
10 12
10 13
10 14
10 15
10 17
10 18
10 20
10 21
10 27
10 28
10 29
11 13
11 14
11 15
11 16
11 18
11 19
11 21
11 25
11 28
11 29
12 13
12 16
12 17
12 18
12 19
12 20
12 21
12 24
12 25
12 27
12 28
12 29
13 16
13 17
13 18
13 19
13 21
13 22
13 23
13 26
13 27
13 28
14 15
14 17
14 19
14 20
14 21
14 23
14 26
14 27
14 29
15 16
15 17
15 18
15 19
15 20
15 23
15 27
15 28
16 20
16 21
16 22
16 23
16 24
16 25
16 28
16 29
17 18
17 19
17 20
17 21
17 23
17 24
17 25
17 26
17 27
18 19
18 20
18 22
18 24
18 26
18 28
18 29
19 23
19 26
19 27
19 28
20 22
20 25
20 28
20 29
21 22
21 23
21 24
21 25
21 26
21 27
21 28
21 29
22 26
22 27
22 28
22 29
23 26
23 27
23 29
24 25
24 29
25 26
25 27
25 28
25 29
26 29
27 28
28 29
16 11 18 1
9 28 19 1
3 27 4 1
8 14 5 1
21 9 27 1
10 20 18 1
4 28 20 1
11 17 10 1
17 16 29 1
3 26 19 1
