33 315
0 1
0 2
0 4
0 5
0 6
0 7
0 8
0 9
0 11
0 12
0 13
0 14
0 15
0 16
0 17
0 18
0 19
0 20
0 22
0 23
0 25
0 26
0 30
0 31
0 32
1 2
1 6
1 7
1 8
1 10
1 11
1 12
1 14
1 15
1 16
1 17
1 18
1 19
1 20
1 21
1 24
1 25
1 31
1 32
2 5
2 7
2 8
2 9
2 10
2 11
2 12
2 18
2 20
2 21
2 22
2 25
2 28
2 29
2 30
2 31
3 4
3 5
3 6
3 7
3 9
3 10
3 14
3 18
3 23
3 27
3 28
3 29
3 31
4 7
4 9
4 10
4 11
4 13
4 14
4 20
4 21
4 22
4 24
4 25
4 26
4 28
4 31
5 8
5 9
5 11
5 12
5 15
5 16
5 18
5 20
5 21
5 25
5 26
5 27
5 30
5 32
6 7
6 9
6 10
6 13
6 15
6 18
6 19
6 20
6 22
6 23
6 24
6 26
6 27
6 28
6 30
7 8
7 10
7 12
7 13
7 14
7 15
7 16
7 17
7 20
7 21
7 24
7 25
7 26
7 27
7 28
7 29
7 30
7 32
8 10
8 11
8 13
8 15
8 16
8 17
8 18
8 19
8 20
8 21
8 22
8 25
8 29
8 30
8 32
9 11
9 12
9 14
9 15
9 17
9 18
9 19
9 21
9 22
9 23
9 25
9 27
9 30
9 31
10 14
10 15
10 19
10 20
10 21
10 23
10 24
10 25
10 30
10 31
10 32
11 12
11 14
11 15
11 16
11 17
11 18
11 20
11 21
11 22
11 26
11 27
11 28
11 29
11 31
11 32
12 14
12 15
12 16
12 17
12 18
12 21
12 23
12 24
12 26
12 27
12 32
13 14
13 15
13 16
13 17
13 19
13 20
13 23
13 26
13 27
13 28
13 30
13 32
14 15
14 16
14 17
14 18
14 19
14 20
14 22
14 24
14 26
14 27
14 28
14 29
14 31
14 32
15 16
15 19
15 20
15 26
15 27
15 28
15 29
15 31
16 17
16 19
16 21
16 22
16 23
16 24
16 25
16 26
16 28
16 30
16 31
16 32
17 19
17 21
17 24
17 27
17 28
17 30
17 31
18 19
18 23
18 24
18 25
18 26
18 27
18 28
18 29
18 30
18 32
19 20
19 21
19 22
19 23
19 24
19 27
19 29
19 30
19 32
20 21
20 23
20 25
20 26
20 28
20 29
20 30
21 22
21 25
21 30
22 24
22 25
22 26
22 27
22 28
22 30
22 31
23 24
23 26
23 27
23 29
23 32
24 25
24 26
24 27
24 28
24 29
24 30
24 32
25 26
25 27
25 30
25 31
25 32
26 27
26 30
26 32
27 28
27 32
28 32
29 30
29 31
30 31
23 16 10 1
20 16 5 1
29 22 19 1
11 27 28 1
24 16 21 1
21 13 17 1
30 26 14 1
12 27 32 1
2 27 26 1
18 32 26 1
