32 303
0 1
0 3
0 4
0 5
0 6
0 7
0 9
0 10
0 11
0 12
0 13
0 14
0 15
0 17
0 18
0 19
0 20
0 22
0 25
0 27
0 28
0 29
0 31
1 3
1 4
1 5
1 6
1 7
1 9
1 10
1 12
1 13
1 15
1 16
1 17
1 18
1 21
1 22
1 24
1 25
1 27
1 28
1 29
1 30
1 31
2 3
2 4
2 5
2 8
2 9
2 11
2 12
2 13
2 14
2 15
2 16
2 17
2 18
2 19
2 21
2 22
2 23
2 26
2 28
2 31
3 8
3 10
3 11
3 12
3 13
3 14
3 15
3 16
3 17
3 20
3 21
3 22
3 23
3 24
3 25
3 27
3 29
3 31
4 5
4 6
4 7
4 11
4 12
4 14
4 15
4 17
4 19
4 21
4 24
4 28
4 29
4 31
5 6
5 8
5 9
5 10
5 11
5 12
5 13
5 14
5 16
5 17
5 19
5 22
5 23
5 28
5 29
5 30
5 31
6 7
6 8
6 9
6 10
6 11
6 12
6 14
6 15
6 16
6 17
6 18
6 19
6 22
6 25
6 27
6 28
6 29
6 31
7 8
7 9
7 11
7 12
7 15
7 17
7 19
7 20
7 22
7 23
7 24
7 25
7 28
7 30
8 9
8 10
8 12
8 13
8 14
8 15
8 18
8 20
8 21
8 23
8 24
8 26
8 28
8 31
9 10
9 11
9 12
9 18
9 19
9 20
9 21
9 28
9 30
9 31
10 11
10 12
10 18
10 19
10 20
10 22
10 23
10 24
10 26
10 28
10 29
10 30
10 31
11 12
11 13
11 14
11 15
11 16
11 17
11 19
11 21
11 26
11 29
11 31
12 14
12 16
12 18
12 19
12 21
12 22
12 23
12 24
12 25
12 27
12 28
12 31
13 15
13 18
13 19
13 21
13 22
13 23
13 25
13 26
13 27
13 28
14 17
14 18
14 19
14 20
14 23
14 24
14 26
14 28
14 29
14 30
15 16
15 18
15 20
15 21
15 23
15 26
15 28
16 19
16 20
16 22
16 23
16 25
16 27
16 29
16 30
16 31
17 20
17 21
17 22
17 24
17 25
17 26
17 27
17 28
17 31
18 19
18 22
18 23
18 24
18 25
18 26
18 27
18 28
18 30
19 20
19 21
19 22
19 23
19 25
19 26
19 27
19 28
19 29
20 21
20 22
20 24
20 25
20 27
20 28
20 30
20 31
21 22
21 25
21 29
21 30
21 31
22 25
22 26
23 25
23 26
23 29
23 30
23 31
24 26
24 29
24 30
25 27
25 28
25 29
25 30
25 31
26 27
27 28
27 29
27 30
29 30
30 31
31 17 28 1
1 13 4 1
28 18 4 1
10 13 14 1
27 21 25 1
29 21 26 1
27 28 24 1
6 21 15 1
28 30 2 1
5 10 24 1
