34 337
0 5
0 6
0 7
0 11
0 14
0 15
0 17
0 18
0 24
0 25
0 29
0 30
0 31
1 2
1 3
1 5
1 6
1 8
1 10
1 11
1 14
1 17
1 18
1 19
1 20
1 23
1 24
1 25
1 26
1 30
1 31
1 32
1 33
2 4
2 5
2 6
2 7
2 10
2 11
2 12
2 13
2 15
2 16
2 17
2 18
2 19
2 21
2 22
2 23
2 24
2 26
2 27
2 29
2 30
2 31
3 4
3 5
3 6
3 7
3 8
3 9
3 12
3 13
3 14
3 15
3 19
3 20
3 21
3 22
3 24
3 27
3 28
3 30
3 32
4 5
4 6
4 7
4 9
4 10
4 12
4 13
4 14
4 15
4 17
4 18
4 19
4 22
4 24
4 26
4 27
4 28
4 31
5 6
5 7
5 8
5 10
5 11
5 15
5 16
5 18
5 21
5 22
5 23
5 25
5 26
5 27
5 29
5 32
5 33
6 8
6 9
6 10
6 11
6 12
6 13
6 15
6 17
6 18
6 23
6 24
6 25
6 30
6 31
6 33
7 8
7 9
7 11
7 12
7 13
7 14
7 17
7 22
7 24
7 25
7 26
7 27
7 28
7 29
7 30
7 31
7 32
7 33
8 10
8 11
8 13
8 14
8 15
8 16
8 19
8 20
8 21
8 23
8 28
8 29
8 30
8 31
8 32
9 11
9 12
9 13
9 16
9 17
9 18
9 19
9 20
9 21
9 22
9 23
9 24
9 25
9 28
9 29
9 30
9 33
10 11
10 13
10 14
10 16
10 19
10 20
10 21
10 24
10 25
10 26
10 27
10 28
10 30
11 12
11 13
11 14
11 15
11 18
11 20
11 23
11 25
11 27
11 28
11 29
11 30
11 33
12 13
12 14
12 15
12 16
12 18
12 19
12 21
12 22
12 23
12 24
12 25
12 26
12 27
12 28
12 29
12 30
12 32
13 14
13 15
13 16
13 17
13 20
13 21
13 23
13 26
13 27
13 31
13 32
14 17
14 18
14 19
14 22
14 23
14 25
14 27
14 28
14 30
14 33
15 18
15 19
15 21
15 23
15 24
15 26
15 29
15 30
15 32
16 19
16 20
16 22
16 29
16 30
16 32
16 33
17 19
17 21
17 23
17 24
17 25
17 27
17 30
17 33
18 19
18 22
18 25
18 26
18 27
18 28
18 30
18 32
18 33
19 20
19 24
19 26
19 27
19 29
19 31
19 32
19 33
20 22
20 23
20 24
20 25
20 26
20 27
20 28
20 32
20 33
21 22
21 27
21 28
21 30
21 31
21 32
21 33
22 23
22 24
22 25
22 27
22 28
22 30
22 31
22 32
22 33
23 24
23 25
23 26
23 27
23 28
23 31
23 33
24 25
24 27
24 31
24 33
25 27
25 31
25 33
26 29
26 31
26 32
26 33
27 29
27 32
27 33
28 29
28 30
28 31
28 32
28 33
29 31
29 32
29 33
30 31
30 32
30 33
32 33
26 13 29 1
2 27 24 1
8 6 19 1
33 0 2 1
17 25 15 1
15 23 21 1
32 8 29 1
24 13 22 1
11 2 26 1
31 24 7 1
