26 77
0 3
0 4
0 6
0 13
0 18
0 20
0 21
1 2
1 5
1 15
1 17
1 19
1 21
1 24
2 6
2 7
2 12
2 20
2 21
3 7
3 8
3 10
3 17
3 18
4 10
4 13
4 21
5 10
5 18
6 9
6 13
6 15
6 23
6 24
6 25
7 10
7 15
7 16
7 17
7 18
7 21
8 11
8 12
8 22
8 25
9 10
9 13
9 25
10 13
10 16
10 25
11 13
11 15
11 20
11 25
12 15
13 20
14 16
14 20
14 23
15 16
15 17
15 20
15 23
16 19
17 23
17 24
18 20
18 21
18 24
19 22
19 23
20 23
20 24
21 23
22 25
23 25
20 8 6 1
15 5 18 1
9 25 19 1
5 22 8 1
0 20 13 1
17 15 10 1
17 10 25 1
10 12 2 1
9 12 23 1
17 0 23 1
