25 84
0 3
0 6
0 8
0 10
0 11
0 18
0 22
0 23
1 4
1 5
1 7
1 8
1 14
1 17
1 19
1 21
2 4
2 6
2 9
2 11
2 13
2 14
2 15
2 17
2 19
2 20
3 9
3 12
3 14
3 16
3 17
3 22
3 23
4 6
4 10
4 12
4 17
4 18
5 7
5 19
6 8
6 12
6 18
6 19
6 22
7 10
7 11
7 13
7 21
7 23
7 24
8 9
8 14
8 19
8 22
8 23
9 19
9 21
9 23
10 13
10 15
10 16
12 17
13 15
13 19
13 20
13 22
13 23
13 24
14 16
14 18
14 21
15 19
15 20
15 21
16 19
17 20
17 23
18 19
18 22
19 22
20 24
21 24
22 24
24 20 4 1
15 22 8 1
22 11 19 1
8 6 19 1
8 21 2 1
2 7 20 1
13 11 8 1
19 6 15 1
5 15 18 1
18 5 17 1
