33 99
0 1
0 17
1 2
1 13
1 14
1 22
1 30
2 7
2 9
2 19
2 27
2 30
2 32
3 13
3 14
3 17
3 18
3 32
4 7
4 13
4 23
4 25
5 8
5 23
5 24
5 30
5 32
6 16
6 17
6 18
6 24
6 28
6 30
6 31
7 11
7 23
7 26
7 29
8 13
8 15
8 22
8 23
8 30
9 10
9 12
9 20
9 21
9 23
9 30
10 11
10 17
10 18
10 27
11 18
11 19
11 22
11 23
12 13
12 14
12 21
12 24
12 25
13 17
13 18
14 15
14 22
15 24
15 29
16 23
17 24
17 27
17 28
17 31
17 32
18 24
18 27
18 30
18 31
19 21
20 21
20 26
21 24
21 27
22 23
22 25
22 26
22 27
23 30
24 27
24 28
24 29
24 30
25 29
26 28
26 32
27 30
27 32
28 32
30 32
17 15 30 1
32 25 31 1
0 8 20 1
7 10 15 1
18 14 8 1
28 7 31 1
32 7 15 1
0 8 10 1
20 10 13 1
11 12 18 1
