33 120
0 2
0 4
0 12
0 19
0 20
0 22
0 32
1 3
1 7
1 10
1 13
1 16
1 19
1 29
1 32
2 9
2 10
2 11
2 16
2 22
2 23
3 6
3 9
3 12
3 19
3 21
3 23
3 28
3 29
3 30
4 5
4 11
4 24
4 30
4 32
5 6
5 11
5 12
5 14
5 15
5 17
5 18
5 21
5 30
5 32
6 10
6 14
6 15
6 23
7 10
7 18
7 19
7 23
7 31
8 9
8 13
8 17
8 18
8 20
8 22
8 25
8 26
9 18
9 19
9 28
10 15
10 23
10 25
10 26
11 12
11 14
11 16
11 24
11 32
12 14
12 19
12 20
12 25
13 16
13 20
13 21
13 22
13 23
13 28
14 15
14 16
14 23
14 27
14 28
15 20
15 28
15 29
16 20
16 21
16 22
16 28
16 31
17 28
17 30
17 31
17 32
18 24
19 28
19 31
20 23
20 27
20 29
21 23
21 24
21 30
21 32
22 24
22 30
22 32
23 30
24 26
24 30
25 27
27 28
28 30
26 4 18 1
2 12 3 1
13 22 5 1
21 2 29 1
5 0 31 1
24 14 18 1
4 22 15 1
14 30 17 1
16 21 17 1
26 2 12 1
