37 129
0 4
0 7
0 14
0 16
0 18
0 23
0 25
0 27
0 33
1 3
1 13
1 23
1 24
1 29
2 6
2 8
2 11
2 18
2 19
2 21
2 22
2 30
2 36
3 9
3 18
3 24
3 25
3 30
4 7
4 8
4 12
4 30
4 31
4 35
5 10
5 29
5 32
6 8
6 11
6 13
6 15
6 17
6 18
6 23
7 29
7 31
7 32
8 20
8 24
8 30
9 12
9 17
9 20
9 27
9 31
9 32
10 14
10 23
10 26
10 27
10 35
11 12
11 13
11 14
11 19
11 25
11 32
11 33
11 34
12 20
12 26
12 28
12 29
12 34
13 19
13 21
13 26
13 33
14 16
14 17
14 32
14 35
15 18
15 24
15 34
15 35
15 36
16 17
16 21
16 35
17 18
17 27
17 28
17 35
18 19
18 25
18 29
18 34
19 23
19 29
19 30
19 31
19 32
20 31
22 24
22 30
22 32
23 29
23 36
24 25
24 34
25 26
25 27
25 28
25 33
26 28
26 29
26 33
27 28
27 29
28 30
28 31
28 35
29 34
29 36
30 31
31 36
32 33
33 35
27 31 14 1
22 21 20 1
25 10 11 1
7 3 2 1
25 28 17 1
12 2 36 1
5 26 14 1
32 2 23 1
3 10 11 1
21 23 33 1
