37 136
0 1
0 12
0 19
0 27
0 29
0 30
0 36
1 7
1 8
1 10
1 12
1 14
1 15
1 22
1 24
1 26
1 32
2 16
2 19
2 21
2 26
2 28
2 30
3 4
3 17
3 22
3 26
3 33
3 34
4 11
4 13
4 14
4 16
4 24
4 30
4 36
5 9
5 14
5 15
5 16
5 18
5 27
5 31
5 35
5 36
6 7
6 8
6 12
6 13
6 16
6 22
6 23
6 26
7 9
7 16
7 18
7 20
7 24
7 34
8 15
8 18
8 21
8 23
8 25
8 27
8 29
8 33
9 12
9 18
9 25
9 29
9 30
10 13
10 21
10 23
10 30
10 31
10 32
10 36
11 14
11 24
11 25
11 28
12 14
12 23
12 29
12 33
13 18
13 20
13 30
14 21
14 26
14 28
15 22
15 33
16 18
16 20
16 25
16 31
17 18
17 19
17 22
17 26
17 28
17 31
17 34
17 35
19 26
19 30
19 32
19 36
20 22
20 28
20 32
20 36
21 33
22 29
22 33
22 35
23 24
23 31
24 35
24 36
25 32
26 29
26 31
26 33
27 31
28 35
29 32
29 33
29 36
30 34
30 35
31 36
32 33
30 17 27 1
0 26 32 1
2 10 20 1
31 14 18 1
3 23 4 1
29 11 21 1
27 11 32 1
3 1 10 1
12 22 30 1
1 2 26 1
