39 150
0 9
0 16
0 17
0 24
0 30
0 33
0 34
1 7
1 9
1 12
1 13
1 25
1 29
1 30
1 35
2 3
2 5
2 12
2 14
2 21
2 33
2 35
3 4
3 5
3 6
3 7
3 15
3 16
3 17
3 18
3 21
3 27
3 29
3 34
4 12
4 15
4 16
4 22
5 6
5 9
5 13
5 22
5 26
5 27
5 32
6 9
6 10
6 12
6 23
6 24
6 29
6 32
6 34
6 35
6 37
7 12
7 13
7 21
7 26
7 33
7 34
7 37
7 38
8 12
8 13
8 15
8 17
8 18
8 20
8 23
8 24
8 25
9 12
9 17
9 19
9 31
9 33
10 12
10 15
10 16
10 18
10 20
10 26
10 31
11 13
11 15
11 17
11 27
11 30
11 32
12 30
12 32
12 33
12 34
12 35
13 22
13 28
13 32
13 34
14 21
14 24
14 33
15 17
15 18
15 19
16 19
16 38
17 21
17 24
17 35
18 19
18 21
18 27
18 29
19 22
19 27
19 32
19 34
20 22
20 27
20 28
20 31
20 32
20 35
20 38
21 31
21 33
21 34
23 33
23 35
24 37
25 30
25 31
25 37
26 28
26 31
26 35
26 36
27 30
29 34
29 35
29 36
30 36
31 38
32 33
32 35
33 34
33 36
33 37
36 37
38 27 17 1
0 7 15 1
17 7 21 1
18 0 26 1
25 7 24 1
30 1 2 1
7 26 1 1
34 13 5 1
4 32 16 1
21 3 5 1
