37 135
0 1
0 16
0 19
0 24
1 10
1 17
1 20
1 21
1 22
1 24
1 26
1 30
2 4
2 10
2 15
2 21
3 4
3 6
3 13
3 21
3 23
3 24
3 33
3 36
4 8
4 11
4 13
4 16
4 26
4 34
4 35
4 36
5 7
5 10
5 14
5 21
5 24
5 27
6 10
6 12
6 14
6 18
6 20
6 22
6 26
6 30
6 33
6 34
6 35
7 16
7 18
7 21
7 28
7 29
7 30
7 33
8 19
8 21
8 25
8 30
8 35
9 10
9 12
9 13
9 21
9 24
9 29
10 24
10 28
10 29
11 16
11 18
11 22
11 27
11 29
11 34
12 16
12 18
12 20
12 22
12 23
12 28
12 30
12 33
13 18
13 26
13 28
13 36
14 19
14 26
14 32
14 34
15 17
15 35
16 23
16 25
16 29
16 35
16 36
17 18
17 21
17 30
18 36
19 22
19 25
19 29
19 31
19 34
20 22
20 27
20 31
20 32
20 33
21 29
21 31
21 32
21 36
22 23
22 32
23 28
23 30
23 31
23 34
24 35
25 27
25 28
26 33
26 34
26 36
27 31
27 34
29 31
30 33
31 33
35 36
1 23 35 1
16 29 19 1
11 36 21 1
16 36 22 1
24 3 12 1
32 8 28 1
29 21 6 1
19 36 23 1
27 33 6 1
31 27 35 1
