34 102
0 5
0 21
0 23
0 33
1 14
2 12
2 25
3 10
3 23
3 24
3 26
3 29
4 6
4 9
4 18
4 20
4 22
4 24
4 25
4 30
4 33
5 9
5 15
5 20
5 24
6 14
6 19
6 28
6 30
6 33
7 8
7 11
7 12
7 21
7 33
8 10
8 13
8 29
8 30
9 11
9 12
9 22
9 23
9 26
9 27
9 29
11 15
11 16
11 20
11 22
11 23
11 29
11 31
11 32
12 13
12 18
12 24
12 26
12 29
13 15
13 28
14 15
14 16
14 19
14 20
14 22
14 28
15 18
15 26
15 33
16 22
16 25
16 29
17 21
17 26
17 32
18 19
18 22
18 25
18 33
19 25
20 23
20 24
21 26
21 28
21 29
22 29
22 31
23 32
24 29
24 33
25 26
25 27
25 32
25 33
26 28
26 32
27 28
27 32
28 31
29 30
30 32
24 28 27 1
24 32 25 1
26 21 6 1
30 14 9 1
20 32 3 1
24 11 2 1
17 29 24 1
4 13 33 1
15 26 16 1
3 21 28 1
