38 145
0 3
0 9
0 20
0 23
0 25
0 31
1 4
1 19
1 21
1 22
1 26
1 32
2 3
2 10
2 20
2 21
3 9
3 10
3 17
3 21
3 31
3 32
3 33
3 34
3 37
4 6
4 11
4 12
4 17
4 18
4 20
4 27
4 30
4 32
4 34
4 35
5 7
5 16
5 18
5 19
5 20
5 26
6 12
6 15
6 16
6 19
6 23
6 34
7 8
7 21
7 24
7 27
7 31
7 33
7 36
7 37
8 11
8 13
8 19
8 24
8 33
9 13
9 16
9 29
9 32
10 12
10 16
10 20
10 21
10 28
10 31
10 36
11 14
11 23
11 27
11 29
11 30
11 35
12 16
12 17
12 23
12 33
13 15
13 19
13 21
13 28
13 31
14 15
14 21
14 25
14 27
14 29
15 17
15 25
15 32
16 17
16 20
16 24
16 26
16 27
16 29
16 30
16 37
17 20
17 35
17 37
18 20
18 26
18 31
19 21
19 31
20 21
20 30
20 33
20 35
20 36
22 29
22 30
22 32
22 35
23 24
23 25
23 28
23 30
23 31
23 37
24 26
24 27
24 34
25 28
25 37
26 29
26 30
26 31
26 33
26 36
27 32
27 33
29 31
30 31
30 33
30 37
31 33
34 36
36 37
7 10 2 1
37 10 32 1
3 13 19 1
34 0 6 1
24 36 11 1
1 8 0 1
36 9 5 1
30 21 4 1
14 37 32 1
1 25 20 1
