35 118
0 4
0 12
0 15
0 28
0 29
1 10
1 12
1 20
1 25
1 26
2 3
2 6
2 7
2 14
2 22
3 6
3 10
3 11
3 13
3 18
3 22
3 26
3 28
3 34
4 6
4 10
4 11
4 16
4 19
4 25
4 31
4 34
5 13
5 22
5 26
5 27
6 14
6 18
6 20
6 24
6 29
6 30
7 11
7 15
7 18
7 22
7 24
7 25
8 10
8 13
8 28
8 30
8 32
9 10
9 11
9 17
9 26
9 31
10 18
10 19
10 25
10 26
10 27
11 15
11 21
11 22
11 24
11 31
11 33
11 34
13 18
13 24
13 32
13 34
14 15
14 20
14 27
14 28
14 33
14 34
15 19
15 21
15 22
16 24
16 26
16 27
16 31
16 34
17 20
17 22
18 25
18 30
18 33
19 21
19 23
19 26
19 28
20 22
20 26
20 31
20 33
20 34
21 25
22 33
24 26
24 29
24 30
26 27
26 28
26 29
26 32
27 31
27 33
27 34
28 30
28 33
30 33
32 33
24 32 30 1
20 9 0 1
18 19 8 1
27 31 13 1
17 21 20 1
4 25 16 1
11 12 1 1
7 32 0 1
13 30 19 1
4 12 23 1
