34 107
0 2
0 5
0 6
0 9
0 11
0 12
0 20
0 21
0 26
0 30
1 5
1 8
1 23
1 27
1 28
1 29
1 33
2 4
2 5
2 8
2 19
2 25
2 26
3 8
3 9
3 13
3 14
3 17
3 25
3 32
4 18
4 31
4 33
5 9
5 20
5 22
5 24
5 27
6 8
6 10
6 18
6 27
7 10
7 16
7 22
7 23
7 27
8 9
8 11
8 14
8 25
9 20
9 28
9 29
10 11
10 13
10 16
10 18
10 26
10 29
11 12
11 14
11 19
11 21
11 22
11 26
11 27
11 29
11 31
12 17
12 18
12 24
12 28
12 32
13 15
13 24
13 32
14 15
14 17
14 25
14 31
15 16
15 18
15 21
16 17
16 23
16 27
16 28
17 18
18 25
18 27
19 26
19 29
19 30
19 31
20 22
20 23
21 26
21 28
21 31
21 32
22 29
22 31
23 32
24 26
27 29
31 32
12 19 3 1
18 21 1 1
26 5 23 1
22 17 32 1
13 33 12 1
5 21 10 1
4 18 7 1
30 17 11 1
10 9 29 1
24 4 11 1
