34 103
0 3
0 11
0 14
0 16
0 19
0 33
1 12
1 16
1 18
1 26
1 28
2 6
2 7
2 15
2 22
2 24
2 26
2 29
2 30
3 4
3 6
3 14
3 19
3 21
3 24
3 25
3 27
3 30
3 32
4 9
4 12
4 16
4 17
4 19
4 21
4 23
5 23
5 28
5 33
6 7
6 9
6 16
6 25
6 30
7 13
7 25
7 30
8 24
8 29
9 10
9 16
9 18
9 20
9 26
9 29
9 33
10 24
11 26
11 31
12 19
12 23
12 26
12 28
12 29
13 14
13 27
13 32
13 33
15 20
15 22
15 27
15 29
15 30
15 32
16 27
17 20
17 21
17 26
17 31
18 21
18 25
18 32
18 33
19 24
19 25
20 27
20 28
20 31
20 32
21 27
21 30
21 33
22 23
22 25
22 32
23 26
23 27
23 31
23 33
25 31
26 31
27 32
29 33
5 32 4 1
29 19 7 1
10 25 4 1
30 5 6 1
18 23 20 1
15 26 0 1
32 20 28 1
17 11 13 1
14 9 2 1
2 23 33 1
