38 131
0 13
0 21
0 24
0 28
0 33
1 2
1 9
1 10
1 14
1 27
1 32
2 3
2 4
2 14
2 17
2 19
2 26
2 28
2 35
3 6
3 16
3 33
3 35
3 37
4 6
4 8
4 16
4 22
4 28
4 32
4 37
5 11
5 15
5 24
5 31
6 27
6 31
6 35
6 36
7 11
7 14
7 19
7 21
7 23
7 35
8 10
8 27
8 29
9 15
9 17
9 20
9 28
10 13
10 15
10 16
10 26
10 35
11 34
12 14
12 17
12 28
12 37
13 16
13 19
13 23
13 25
13 26
13 32
14 15
14 23
14 27
14 28
14 29
14 34
15 17
15 18
15 23
15 32
15 35
16 21
16 25
16 33
17 19
17 28
17 34
17 36
18 27
18 28
19 20
19 36
20 22
20 25
20 30
20 32
20 34
20 37
21 22
21 23
21 34
22 23
22 26
22 30
22 31
22 36
22 37
23 24
23 25
23 34
23 35
23 37
24 31
24 32
24 37
25 27
25 29
25 33
25 34
26 29
26 33
27 28
27 31
27 34
28 35
28 37
29 35
31 32
31 37
32 36
33 35
33 36
33 37
15 21 18 1
10 12 27 1
13 30 35 1
23 11 24 1
24 3 0 1
23 10 3 1
24 7 22 1
14 20 23 1
0 2 4 1
11 16 33 1
