36 109
0 4
0 17
0 35
1 3
1 7
1 10
1 22
2 15
2 22
2 23
2 28
3 14
3 22
3 26
3 28
3 34
4 7
4 9
4 12
4 19
4 32
4 35
5 8
5 18
5 19
5 22
5 25
5 28
5 30
5 33
6 10
6 12
6 13
6 14
6 22
6 26
6 28
6 34
7 14
7 26
7 32
8 9
8 13
8 23
8 25
8 32
9 13
9 15
9 17
9 18
9 31
9 32
9 34
9 35
10 13
10 28
10 33
11 21
11 27
11 29
11 30
11 32
11 33
11 34
12 13
12 24
12 25
13 16
13 19
13 21
13 30
13 34
14 19
14 22
14 23
14 26
14 29
14 30
14 35
15 21
15 22
15 26
16 18
16 35
17 19
17 24
17 25
17 28
18 33
19 21
19 22
19 25
19 27
19 33
20 30
21 22
22 31
22 33
24 32
25 29
25 32
26 32
26 35
27 31
27 35
29 35
30 31
32 34
33 35
25 19 3 1
6 11 17 1
7 6 35 1
18 21 5 1
2 12 7 1
8 29 34 1
34 24 7 1
15 14 8 1
14 21 18 1
26 5 0 1
