39 160
0 5
0 11
0 17
0 21
0 24
0 28
0 29
0 30
0 32
0 33
0 34
0 35
0 36
0 38
1 2
1 7
1 10
1 11
1 14
1 15
1 23
1 37
2 16
2 22
2 26
2 28
2 33
2 34
2 38
3 5
3 10
3 20
3 29
3 32
4 8
4 9
4 14
4 17
4 24
4 28
4 29
4 34
4 35
5 6
5 13
5 19
5 21
5 24
5 26
5 30
5 34
6 11
6 15
6 19
6 21
6 30
6 37
7 14
7 16
7 19
7 23
7 24
7 33
7 34
7 35
8 15
8 25
8 28
8 32
8 36
8 37
8 38
9 16
9 18
9 36
9 37
10 15
10 21
10 23
10 25
10 28
10 31
10 37
10 38
11 13
11 28
11 34
11 35
12 14
12 34
13 16
13 17
13 18
13 22
13 23
13 24
13 28
13 29
14 16
14 23
14 27
14 29
14 32
15 17
15 18
15 22
15 27
15 29
15 35
16 24
16 26
16 36
17 20
17 24
17 29
17 34
18 19
18 22
18 23
18 24
18 27
18 31
18 32
19 25
19 26
19 28
19 31
19 37
20 21
21 23
21 26
21 32
22 24
22 25
22 28
22 29
22 35
23 24
23 33
23 34
23 36
24 28
25 31
26 27
26 36
26 38
27 32
28 36
28 37
29 36
30 31
30 32
30 33
30 34
31 36
32 35
33 35
35 37
36 38
37 38
22 0 18 1
0 7 23 1
15 32 36 1
23 29 3 1
4 23 28 1
33 25 36 1
20 23 18 1
34 38 4 1
19 16 8 1
30 5 16 1
