33 112
0 1
0 2
0 18
0 20
0 22
0 24
1 3
1 5
1 8
1 11
1 12
1 13
1 18
1 25
1 26
2 4
2 13
2 18
2 19
2 22
2 24
2 26
2 27
2 31
3 5
3 13
3 23
3 31
4 7
4 9
4 11
4 12
4 13
4 19
4 20
4 24
5 12
5 13
5 15
5 24
5 26
6 9
6 14
6 17
6 28
6 30
7 11
7 12
7 14
7 18
7 21
7 26
8 14
8 15
8 16
8 23
8 27
8 29
9 10
9 12
9 19
9 28
9 32
10 14
10 15
10 26
10 31
11 12
11 21
11 26
11 27
11 28
12 18
12 24
12 27
12 30
13 16
13 20
13 24
13 29
13 32
14 17
14 32
15 20
15 21
15 22
15 32
16 17
16 18
16 24
16 26
16 27
16 31
16 32
17 22
18 20
18 22
19 22
19 25
19 26
19 27
19 29
21 28
22 27
22 29
22 32
23 26
25 32
26 31
29 31
29 32
30 32
28 30 6 1
8 15 3 1
7 27 16 1
17 10 9 1
32 8 3 1
15 6 23 1
12 8 27 1
13 18 7 1
12 19 13 1
10 4 15 1
