30 87
0 7
0 22
0 27
0 28
1 6
1 21
2 10
2 12
2 15
2 19
3 6
3 8
3 12
3 13
3 21
3 24
3 26
4 14
4 17
4 23
4 25
4 29
5 7
5 10
5 11
5 14
5 18
5 25
5 28
6 8
6 16
6 17
6 18
6 19
6 21
7 21
7 26
7 27
8 24
8 25
8 26
8 27
8 28
9 10
9 13
10 24
10 28
10 29
11 17
11 25
11 27
11 28
12 16
12 17
12 19
12 20
12 22
12 27
13 16
13 24
13 25
14 25
15 22
15 24
16 18
16 23
16 29
17 21
17 22
17 24
18 19
18 28
19 21
19 25
19 29
20 26
20 29
21 22
22 24
22 26
23 25
23 26
24 25
24 26
25 27
25 28
25 29
8 15 2 1
16 9 28 1
7 26 28 1
2 7 12 1
5 13 7 1
28 12 6 1
26 13 15 1
29 13 15 1
6 17 28 1
11 25 29 1
