39 143
0 12
0 18
0 19
0 30
0 32
0 36
1 2
1 4
1 7
1 9
1 13
1 28
1 29
1 34
1 35
2 4
2 6
2 7
2 19
2 24
2 26
2 27
2 35
3 4
3 7
3 9
3 14
3 22
3 34
4 7
4 11
4 13
4 14
4 17
4 22
4 24
5 9
5 11
5 26
5 27
5 30
5 32
5 36
6 9
6 22
6 30
6 37
7 9
7 18
7 21
7 23
7 27
7 28
7 37
8 9
8 21
8 26
8 36
9 18
9 21
9 25
9 29
9 31
9 34
9 36
9 37
10 11
10 13
10 18
10 19
10 20
10 27
10 32
10 33
11 12
11 21
11 24
11 29
11 32
11 36
12 13
12 20
12 28
13 18
13 19
13 21
13 22
13 23
14 15
14 16
14 22
14 24
14 32
15 22
15 26
15 28
15 29
15 38
16 18
16 22
16 23
16 27
16 30
16 37
17 29
17 36
18 29
18 34
18 37
19 20
19 23
19 25
19 34
19 35
20 23
20 25
20 26
21 33
21 35
22 28
23 27
23 30
23 32
24 36
25 35
26 31
26 33
26 37
28 29
28 31
28 33
29 31
29 33
29 34
29 38
30 33
31 34
31 37
31 38
34 36
34 37
35 37
36 37
11 38 19 1
34 25 33 1
8 21 0 1
28 25 36 1
7 12 35 1
32 16 25 1
6 9 32 1
28 27 10 1
26 9 27 1
34 22 3 1
