34 111
0 1
0 3
0 8
0 9
0 11
0 17
0 19
1 6
1 9
1 12
1 19
1 28
2 7
2 13
2 14
2 16
2 18
2 19
2 20
2 21
2 24
2 29
3 7
3 11
3 25
3 27
4 25
4 26
4 31
4 32
5 16
5 25
5 27
5 32
6 13
6 17
6 18
6 28
6 32
7 9
7 13
7 14
7 15
7 19
7 20
7 22
7 27
8 14
8 22
9 16
9 25
10 11
10 13
10 19
10 22
10 25
10 27
11 13
11 14
11 17
11 20
11 27
11 28
11 30
12 14
12 26
13 16
13 26
13 33
14 19
14 20
14 26
14 33
15 17
15 21
15 24
15 28
15 33
16 18
16 23
16 27
16 28
16 30
16 31
16 33
17 24
17 26
17 29
17 33
18 23
18 28
19 23
19 26
19 29
19 32
20 22
20 31
20 32
21 22
21 27
21 32
22 26
22 28
22 30
22 31
23 24
23 32
25 28
26 33
27 28
27 32
10 17 30 1
12 15 4 1
6 12 19 1
18 33 1 1
1 2 8 1
13 8 21 1
27 11 10 1
8 9 18 1
17 7 4 1
17 15 30 1
