34 105
0 4
0 5
0 6
0 7
0 15
0 16
0 31
1 14
1 28
2 9
2 14
2 17
2 27
2 29
3 5
3 9
3 10
3 16
3 17
3 22
3 24
3 29
4 7
4 15
4 19
4 23
4 31
5 6
5 27
5 29
5 30
5 33
6 12
6 14
6 15
6 24
6 33
7 11
7 14
7 23
7 28
7 33
8 17
8 19
8 21
8 30
8 31
9 12
9 13
9 17
9 18
9 20
10 12
10 17
10 21
10 24
10 27
10 29
11 17
11 28
12 21
12 22
12 30
12 31
12 32
13 16
13 19
13 22
13 31
14 20
14 25
14 31
15 23
15 30
15 33
16 21
16 24
16 25
16 28
16 30
17 18
17 20
17 29
17 31
17 32
18 19
18 20
18 24
18 25
18 30
18 33
19 24
19 28
19 33
20 21
21 28
21 29
22 33
23 32
23 33
24 26
26 27
26 33
28 31
30 33
20 13 17 1
31 33 16 1
7 13 17 1
13 28 31 1
26 12 22 1
23 21 28 1
27 10 24 1
23 20 9 1
22 15 20 1
7 15 21 1
