32 100
0 15
0 19
0 27
1 3
1 5
1 8
1 16
1 21
1 22
2 3
2 6
2 7
2 13
2 16
2 22
2 23
2 24
2 30
2 31
3 13
3 16
3 24
3 25
3 26
4 6
4 12
4 14
4 16
4 17
4 19
4 25
4 30
4 31
5 7
5 11
6 9
6 10
6 18
6 27
7 9
7 18
7 28
8 19
8 24
8 27
9 30
10 16
10 20
10 21
10 26
10 28
10 30
11 12
11 26
11 28
11 30
11 31
12 13
12 25
13 14
13 15
13 18
13 19
13 25
13 26
13 29
14 20
14 22
14 23
15 21
16 17
16 19
16 20
16 27
16 31
17 25
17 26
18 20
18 23
18 24
18 31
19 20
19 23
19 24
19 28
19 30
19 31
20 21
20 24
20 26
21 22
22 30
22 31
23 24
23 25
23 28
26 30
26 31
27 28
27 29
27 13 30 1
25 16 10 1
14 11 4 1
23 7 12 1
0 17 20 1
18 9 2 1
25 18 1 1
18 16 28 1
3 12 10 1
0 23 4 1
