32 103
0 5
0 7
0 22
0 30
1 2
1 4
1 5
1 7
1 13
1 17
1 18
1 20
1 23
1 24
2 4
2 9
2 16
3 6
3 8
3 11
3 17
3 20
3 28
4 7
4 9
4 11
4 16
4 17
4 21
4 23
4 26
4 31
5 8
5 16
5 22
5 28
5 30
6 13
6 19
6 20
6 27
7 9
7 23
8 12
8 14
8 18
8 19
8 21
8 25
8 26
8 27
8 29
8 30
9 18
9 29
10 11
10 14
10 18
10 26
11 13
11 22
11 23
11 24
11 26
11 30
12 14
12 19
12 25
12 29
13 15
13 16
13 20
13 24
14 16
14 18
14 27
15 19
15 29
16 24
16 30
17 18
17 24
17 25
17 29
19 29
19 31
20 22
20 28
21 22
21 26
21 29
21 30
22 26
22 28
23 24
23 25
24 25
24 30
25 26
25 30
26 28
27 30
30 31
4 25 20 1
6 19 8 1
8 31 7 1
30 3 1 1
4 31 3 1
1 18 13 1
30 3 25 1
6 18 31 1
8 4 13 1
12 24 9 1
