34 106
0 7
0 18
0 19
0 20
0 24
0 27
0 30
1 7
1 25
1 29
1 30
2 6
2 10
2 11
2 13
2 14
2 17
2 18
2 22
2 29
3 4
3 6
3 13
3 16
3 18
3 26
3 28
4 7
4 9
4 25
4 30
4 31
4 32
5 17
5 21
5 22
5 25
6 10
6 13
6 14
6 18
6 21
6 23
6 25
7 17
7 18
7 26
7 31
8 11
8 21
8 25
8 26
8 30
8 31
9 16
9 18
9 23
9 26
9 33
10 13
10 33
11 18
12 14
12 15
12 18
12 20
12 21
12 22
12 29
13 15
13 19
13 20
13 23
13 29
13 32
14 16
14 19
14 22
14 26
14 32
15 18
15 19
15 21
15 30
15 31
16 18
17 20
17 21
17 22
19 20
19 24
19 30
20 21
20 28
21 28
21 33
22 33
23 25
25 26
25 28
26 28
27 33
28 31
28 33
29 31
30 32
3 14 27 1
14 5 18 1
7 15 28 1
19 10 4 1
2 31 12 1
11 21 17 1
18 2 31 1
16 10 20 1
5 7 31 1
24 22 5 1
