33 107
0 1
0 3
0 5
0 8
0 14
0 17
0 24
0 27
1 4
1 31
2 4
2 14
2 22
2 23
2 25
2 29
2 31
3 4
3 10
3 11
3 23
3 24
3 25
3 27
3 30
3 31
3 32
4 7
5 17
5 18
5 22
5 30
6 14
6 19
6 21
7 14
7 20
7 25
7 28
7 31
8 13
8 17
8 25
8 26
8 28
9 11
9 14
9 16
9 17
9 18
10 13
10 14
10 24
10 25
10 29
11 14
11 18
11 22
11 30
11 31
12 19
12 31
13 14
13 15
13 16
13 19
13 30
14 19
14 20
14 29
14 32
15 16
15 20
15 25
15 28
15 32
16 20
16 22
16 26
16 28
17 20
17 25
17 26
17 32
18 23
18 24
18 25
18 27
18 28
19 21
19 31
20 23
20 31
21 26
22 30
22 31
22 32
23 26
23 27
23 29
24 26
24 31
25 31
26 28
27 28
28 30
28 32
13 26 31 1
29 32 11 1
16 19 4 1
1 30 12 1
10 24 0 1
23 16 21 1
14 15 20 1
14 4 9 1
22 15 31 1
9 22 2 1
