36 131
0 1
0 3
0 5
0 9
0 16
0 19
0 23
0 25
0 35
1 2
1 11
1 12
1 16
1 18
1 20
1 21
1 22
1 25
1 32
2 3
2 7
2 16
2 22
2 24
2 35
3 6
3 10
3 18
3 23
3 26
3 33
4 5
4 6
4 10
4 12
4 25
4 26
4 31
4 34
5 10
5 14
5 17
5 22
6 8
6 12
6 14
6 19
7 9
7 12
7 15
7 21
7 22
7 23
7 33
7 35
8 13
8 14
8 15
8 16
8 17
8 18
8 19
8 20
8 23
8 24
8 26
9 10
9 15
9 18
9 24
9 29
9 33
10 17
10 28
10 32
11 27
11 28
11 34
12 15
12 28
12 32
12 35
13 16
13 17
13 20
13 29
14 15
14 16
14 21
14 28
15 19
15 21
15 33
16 18
16 20
16 30
16 35
17 18
17 25
17 30
17 31
18 21
18 23
18 29
19 21
19 23
19 33
19 35
20 30
20 34
21 31
21 33
22 27
23 33
23 34
24 27
24 29
24 31
25 28
25 29
25 31
25 34
26 30
27 34
27 35
29 31
29 33
29 35
30 34
31 33
32 33
18 2 0 1
1 11 21 1
18 15 9 1
18 13 20 1
14 28 32 1
14 9 13 1
22 18 3 1
29 15 30 1
13 4 8 1
32 1 12 1
