35 119
0 1
0 7
0 17
0 18
0 31
0 34
1 2
1 7
1 13
1 16
1 19
1 26
1 27
1 30
2 5
2 8
2 13
2 17
2 21
2 23
2 33
3 8
3 12
3 15
3 18
3 22
3 28
3 34
4 6
4 11
4 18
4 22
4 29
4 32
5 7
5 10
5 16
5 21
5 24
5 27
5 30
6 20
6 25
6 29
6 31
6 33
7 13
7 27
7 30
7 32
8 10
8 20
8 22
8 27
8 28
8 31
9 16
9 26
10 16
10 19
10 20
10 23
10 29
11 20
11 22
11 32
12 21
13 16
13 17
13 30
13 33
14 15
14 30
14 34
15 17
15 23
15 25
15 34
16 17
16 30
16 33
17 20
17 25
17 29
17 34
18 34
19 21
19 24
19 25
19 30
19 32
19 33
19 34
20 25
20 33
20 34
21 24
21 26
22 24
22 25
22 26
22 28
22 33
23 24
23 28
23 29
23 31
23 33
25 28
25 30
26 28
27 28
27 31
28 32
30 32
30 33
30 34
31 34
32 34
7 26 9 1
14 33 4 1
12 25 9 1
16 20 19 1
5 6 0 1
8 22 0 1
3 2 8 1
27 3 12 1
16 28 32 1
30 2 3 1
