31 83
0 8
0 9
0 11
0 23
0 24
0 28
1 5
1 6
1 7
1 13
1 18
1 25
2 13
2 16
2 17
2 30
3 5
4 6
4 15
4 16
5 7
5 10
5 22
5 27
6 12
6 19
6 25
6 26
6 27
7 8
7 12
7 13
7 17
7 20
8 10
8 11
8 16
8 27
8 28
8 29
9 11
9 12
9 13
9 15
9 27
10 11
10 16
10 21
10 28
10 29
11 23
11 27
11 28
12 14
12 23
12 28
12 29
13 14
13 16
13 26
14 16
14 25
14 28
15 23
15 26
16 19
17 18
17 21
17 28
18 22
18 24
19 29
20 22
20 24
20 26
20 29
21 23
21 26
21 27
21 29
23 26
24 30
25 29
28 17 15 1
27 7 30 1
24 23 10 1
15 13 6 1
14 26 9 1
21 6 5 1
18 5 13 1
25 5 22 1
25 14 18 1
15 5 24 1
