35 95
0 10
0 12
0 15
0 23
0 24
0 26
0 27
0 29
0 32
0 34
1 5
1 12
1 14
1 20
1 21
1 27
1 28
1 30
1 31
2 3
2 5
2 9
2 14
2 21
2 32
3 11
3 17
4 6
4 16
4 19
5 9
5 10
5 11
5 14
6 11
6 14
6 17
6 25
6 26
6 30
6 32
7 14
7 17
7 19
7 31
7 33
8 9
8 32
9 20
9 24
9 33
10 24
10 30
11 25
11 31
12 13
12 18
12 25
12 32
13 19
13 24
13 25
13 31
13 34
14 16
14 18
14 19
14 23
15 20
15 23
15 30
16 26
16 32
17 21
17 27
18 28
18 30
19 20
19 21
19 33
20 21
20 25
20 26
20 31
23 26
23 30
24 30
24 32
24 33
25 26
26 31
26 34
28 31
28 33
29 31
2 31 16 1
27 9 18 1
14 29 26 1
29 10 27 1
26 2 15 1
1 18 8 1
31 9 19 1
14 7 21 1
12 17 13 1
19 32 27 1
