32 93
0 2
0 3
0 5
0 10
0 12
0 18
0 28
1 5
1 9
1 13
1 15
1 20
1 31
2 5
2 8
2 27
2 28
3 19
3 28
3 30
4 9
4 11
4 15
4 20
4 25
4 26
5 7
5 8
5 14
5 22
5 26
6 9
6 16
6 17
6 18
6 26
7 9
7 14
7 15
7 26
7 31
8 10
8 12
8 16
8 22
9 18
9 23
10 15
10 16
10 28
10 29
11 15
11 20
11 22
11 26
11 27
12 28
13 18
13 22
13 23
13 31
14 23
14 25
15 19
15 23
15 25
16 17
16 21
16 22
16 23
16 25
16 29
17 25
17 28
17 29
17 30
18 23
18 26
18 29
18 31
19 21
19 25
19 28
19 30
21 25
21 28
21 31
22 26
23 28
23 30
26 31
27 30
30 31
13 8 1 1
26 17 3 1
3 24 5 0
17 4 23 1
1 24 29 0
15 6 9 1
26 24 10 0
18 8 30 1
14 30 9 1
6 17 8 1
