30 89
0 2
0 6
0 26
1 6
1 8
1 10
1 12
1 13
1 14
1 19
1 25
1 26
1 28
2 11
2 16
2 20
2 24
3 9
3 10
3 12
3 17
3 19
3 22
3 23
3 26
3 28
4 9
4 19
4 24
4 25
4 27
5 14
5 15
5 17
5 20
6 8
6 12
6 14
6 17
6 19
6 21
6 26
6 29
7 9
7 10
7 11
7 13
7 22
7 25
8 14
8 29
9 14
9 22
10 28
11 15
11 18
11 21
11 27
12 15
12 25
13 16
13 22
13 29
14 17
14 24
14 26
14 29
15 16
15 20
16 19
16 25
16 26
16 27
16 29
17 22
18 19
18 27
18 29
19 29
21 24
21 29
22 24
22 26
24 29
25 26
25 28
25 29
26 27
26 29
7 9 4 1
4 7 27 1
8 26 16 1
12 7 19 1
2 17 0 1
23 15 0 1
8 27 18 1
0 5 2 1
28 13 29 1
2 6 12 1
