30 83
0 15
0 28
1 6
1 8
1 11
1 12
1 14
1 15
1 16
1 17
1 18
1 19
1 21
1 27
1 29
2 5
2 6
2 17
2 23
3 4
3 10
3 11
3 24
3 26
4 6
4 8
4 9
4 28
5 6
5 10
5 13
5 16
5 17
5 29
6 15
6 22
6 23
7 15
7 17
7 19
7 22
7 27
8 20
8 24
8 29
9 12
9 16
9 19
9 21
9 28
10 11
10 14
10 18
10 22
10 25
10 29
11 13
11 19
11 25
12 14
12 21
12 29
13 16
14 19
14 22
15 21
16 24
16 29
17 19
17 20
17 22
17 27
18 27
19 20
19 24
21 24
21 25
22 24
22 25
24 26
24 29
25 27
25 29
14 21 17 1
11 18 19 1
0 14 7 1
9 7 25 1
29 21 10 1
21 15 27 1
3 20 21 1
14 5 1 1
5 10 12 1
1 14 6 1
