30 88
0 6
0 11
0 19
0 20
0 25
0 26
0 28
1 11
1 13
1 14
1 16
1 19
1 24
1 28
2 11
2 20
2 28
3 27
4 6
4 10
4 20
4 23
5 19
5 20
5 24
5 28
6 7
6 8
6 12
6 15
6 17
6 20
7 9
7 10
7 12
7 25
7 28
8 9
8 11
8 22
8 27
9 17
9 23
10 13
10 14
10 15
10 18
10 21
10 23
10 25
10 26
11 17
11 26
11 29
12 14
12 18
12 19
13 16
13 23
14 21
14 29
15 19
15 21
15 23
15 24
16 18
16 19
16 24
16 25
16 26
17 20
17 22
17 28
18 26
19 26
19 29
20 26
20 29
21 24
21 25
21 29
22 26
22 27
22 28
22 29
23 29
25 26
27 28
28 18 27 1
8 22 14 1
7 14 18 1
0 22 16 1
18 20 15 1
1 12 20 1
7 24 19 1
3 9 20 1
15 11 2 1
2 22 16 1
