38 144
0 5
0 9
0 11
0 16
0 18
0 19
0 25
0 37
1 9
1 15
1 17
1 26
1 27
1 31
1 32
1 36
2 3
2 6
2 7
2 14
2 15
2 24
2 26
2 28
2 37
3 7
3 9
3 10
3 11
3 15
3 21
3 22
3 23
3 28
4 13
4 28
4 29
4 30
4 32
4 33
4 34
5 6
5 11
5 12
5 13
5 16
5 21
5 24
6 10
6 12
6 13
6 19
6 20
6 21
6 29
6 35
7 12
7 15
7 28
7 36
8 11
8 14
8 18
8 20
8 22
8 31
9 10
9 20
9 26
9 28
9 32
10 16
10 17
10 20
10 25
10 37
11 15
11 23
11 29
11 33
11 37
12 14
12 24
12 26
13 17
13 26
13 30
13 33
13 35
14 16
15 34
15 35
15 36
16 22
16 32
17 24
17 27
17 28
17 31
17 37
18 19
18 26
18 27
18 30
18 31
18 34
18 35
19 20
19 21
19 22
19 23
19 25
19 26
19 32
19 33
19 34
19 35
20 23
20 32
21 22
21 25
21 34
21 36
21 37
22 26
23 32
23 36
24 27
24 28
24 32
25 26
25 27
25 30
25 32
25 33
25 34
27 32
28 29
28 30
29 33
29 37
31 32
32 36
34 37
2 17 1 1
14 16 8 1
2 36 21 1
21 13 23 1
22 6 11 1
31 36 15 1
13 27 9 1
18 28 29 1
16 5 27 1
33 13 10 1
