29 83
0 2
0 7
0 11
0 13
0 15
0 17
0 20
0 21
1 7
1 10
1 14
1 20
1 28
2 4
2 10
2 11
3 4
3 6
3 9
3 13
3 18
3 25
4 7
4 12
4 22
4 25
5 9
5 16
5 20
5 21
5 23
5 24
6 7
6 14
6 15
6 19
6 26
6 27
6 28
7 10
7 18
8 10
8 19
8 21
9 14
9 15
9 18
9 22
9 25
10 13
10 17
10 18
11 14
11 23
12 20
12 22
12 24
12 27
13 18
14 16
14 21
14 23
14 28
15 26
16 19
16 20
17 24
18 22
18 23
18 24
18 28
19 22
19 24
20 22
20 26
20 28
21 22
21 24
22 25
24 25
25 28
26 27
26 28
5 12 23 1
27 9 10 1
9 20 28 1
7 26 11 1
20 10 12 1
13 21 23 1
20 22 7 1
2 14 17 1
6 22 11 1
5 25 28 1
