29 76
0 4
0 10
0 13
0 15
0 20
0 23
0 26
0 28
1 2
1 6
1 12
1 21
2 3
2 6
2 7
2 10
2 13
2 17
2 19
2 25
3 14
3 23
3 25
4 9
4 13
4 14
4 20
5 11
5 13
5 14
5 15
6 7
6 15
6 18
6 23
7 8
7 10
7 13
7 14
7 25
8 11
8 16
8 22
9 16
9 20
10 20
10 22
10 24
10 25
11 19
11 27
12 14
12 15
12 18
12 21
12 27
13 24
13 25
14 23
14 24
15 16
15 25
17 19
17 21
18 20
18 27
19 27
20 24
20 28
21 22
21 23
21 26
22 28
23 26
23 27
26 27
28 3 5 1
23 1 0 1
24 7 11 1
28 18 11 1
22 13 14 1
19 8 5 1
5 10 3 1
14 28 25 1
1 6 12 1
21 19 2 1
