36 115
0 6
0 8
0 9
0 11
0 25
0 29
1 2
1 15
1 20
1 28
1 30
2 13
2 17
2 19
2 20
2 26
3 7
3 9
3 11
3 20
3 21
3 23
3 25
3 28
3 31
4 11
4 12
4 13
4 14
4 19
4 21
4 33
4 35
5 11
5 15
5 30
5 33
6 9
6 23
6 24
6 25
6 27
7 28
8 9
8 10
8 12
8 16
9 10
9 17
9 23
9 27
9 35
10 15
10 17
10 21
10 33
11 12
11 13
11 15
11 18
11 34
13 14
13 17
13 23
13 24
13 26
13 32
13 35
14 15
14 17
14 21
15 16
15 17
15 20
15 26
15 30
16 21
16 25
16 33
16 34
17 20
17 22
17 23
17 25
17 28
17 29
18 27
18 29
18 31
19 20
19 30
20 23
20 26
21 23
21 28
21 32
21 33
22 29
22 32
23 27
23 29
23 30
23 32
24 28
24 35
25 26
25 27
25 28
25 32
27 29
28 33
28 34
30 31
31 34
32 33
10 0 3 1
8 17 10 1
33 8 17 1
12 16 27 1
4 2 29 1
7 33 27 1
17 16 12 1
2 12 18 1
12 8 28 1
22 30 20 1
