32 95
0 4
0 7
0 9
0 12
0 13
0 14
0 16
0 18
0 21
0 22
0 23
0 28
1 9
1 19
1 22
2 4
2 14
2 15
3 6
3 8
3 10
3 16
3 18
3 22
4 9
4 11
4 25
4 27
4 30
5 9
5 13
5 21
5 23
5 24
6 8
6 13
6 15
7 17
7 23
7 29
8 17
8 27
8 29
9 10
9 16
9 18
9 20
9 30
10 17
10 18
10 23
10 24
10 26
10 29
11 12
11 14
11 16
11 17
11 20
11 30
12 26
13 20
13 21
13 27
13 30
14 23
14 29
15 16
15 18
15 23
15 26
16 25
16 30
17 24
17 26
18 19
18 22
18 28
19 23
19 24
19 25
19 26
19 27
20 22
20 31
21 23
22 26
23 27
23 28
23 29
23 30
25 28
26 27
27 29
27 31
0 29 23 1
17 31 25 1
13 18 16 1
29 30 9 1
9 12 17 1
18 28 12 1
28 8 20 1
23 19 26 1
22 20 16 1
7 18 13 1
