37 126
0 1
0 5
0 9
0 25
0 26
1 2
1 7
1 17
1 21
1 22
1 35
2 12
2 15
3 22
3 25
3 27
3 35
4 5
4 19
4 29
4 31
4 34
5 6
5 10
5 15
5 20
5 30
5 31
5 32
6 10
6 11
6 13
6 23
6 26
6 33
7 11
7 14
7 15
7 21
7 25
7 26
7 32
7 35
8 11
8 16
8 20
8 21
8 28
9 12
9 16
9 21
10 12
10 13
10 16
10 18
10 23
10 26
10 28
10 29
10 30
10 36
11 13
11 14
11 15
11 19
11 20
11 31
11 32
12 13
12 16
12 20
12 21
12 25
13 18
13 21
14 16
14 21
14 23
14 27
14 28
14 29
14 32
14 36
15 17
15 22
15 25
15 28
15 31
16 31
16 34
17 21
18 19
18 27
18 29
18 35
19 25
19 35
20 25
20 29
20 30
20 35
21 26
21 27
21 33
22 25
22 31
23 26
23 36
24 32
25 28
25 31
26 27
26 28
26 35
26 36
27 29
28 30
28 36
29 35
29 36
30 31
30 32
31 32
31 36
32 33
32 36
8 34 6 1
15 5 17 1
8 6 9 1
1 13 12 1
9 34 30 1
12 19 7 1
33 32 11 1
22 0 14 1
26 12 24 1
12 0 4 1
