31 90
0 3
0 7
0 9
0 15
0 21
1 4
1 7
1 16
1 20
1 21
1 27
1 28
1 29
2 3
2 23
2 26
3 7
3 16
3 20
3 25
4 10
4 25
5 6
5 17
5 19
5 27
5 30
6 7
6 13
6 17
6 18
6 19
6 20
6 25
6 27
6 30
7 8
7 10
7 14
7 15
7 23
8 9
8 12
8 13
8 15
8 22
8 26
8 29
9 10
9 12
9 18
10 16
10 19
10 30
11 12
11 22
12 18
12 24
12 27
13 20
13 22
13 26
13 27
13 30
14 15
14 17
14 20
14 21
14 22
15 16
15 22
15 24
15 29
16 25
16 26
17 19
17 24
17 27
17 29
18 30
19 24
19 26
20 21
20 26
21 22
25 26
25 29
25 30
26 29
29 30
6 19 26 1
27 18 4 1
21 6 1 1
29 17 25 1
25 0 3 1
3 25 21 1
26 4 19 1
4 9 23 1
18 15 14 1
26 7 19 1
