29 85
0 3
0 6
0 13
0 14
0 17
0 18
0 23
0 27
0 28
1 6
1 10
1 14
1 17
1 21
1 24
2 7
2 10
2 11
2 12
2 16
2 18
2 19
2 25
3 5
3 11
3 12
3 17
3 19
3 24
3 26
4 12
4 13
4 17
4 18
4 24
5 6
5 23
5 25
6 9
6 18
7 8
7 9
7 13
8 10
8 14
8 18
8 20
8 26
9 12
9 17
9 24
10 13
10 15
10 18
10 26
10 27
10 28
11 18
11 22
12 22
12 24
13 15
13 25
13 26
13 28
14 23
15 21
15 24
15 25
15 27
16 24
16 26
17 24
17 27
18 19
18 25
19 22
19 23
20 22
20 24
20 25
21 24
22 26
23 26
27 28
20 6 11 1
27 10 23 1
8 19 12 1
8 4 5 1
21 8 11 1
5 21 28 1
8 12 7 1
16 9 14 1
20 26 4 1
28 0 24 1
