18 94
0 1
0 6
0 7
0 8
0 9
0 12
0 13
0 15
0 16
1 2
1 4
1 7
1 9
1 10
1 12
1 14
2 3
2 4
2 6
2 7
2 8
2 9
2 10
2 11
2 12
2 13
2 14
2 16
2 17
3 4
3 5
3 6
3 7
3 8
3 9
3 11
3 12
3 17
4 6
4 7
4 9
4 12
4 14
4 15
4 17
5 6
5 7
5 11
5 12
5 13
5 16
5 17
6 9
6 10
6 11
6 12
6 13
6 14
6 16
6 17
7 8
7 9
7 10
7 11
7 12
7 13
7 14
7 17
8 10
8 12
8 15
8 16
8 17
9 10
9 11
9 15
9 16
9 17
10 11
10 12
10 16
11 12
11 14
11 16
11 17
12 13
12 14
12 15
12 16
13 14
13 16
13 17
14 16
15 17
9 8 14 1
16 3 0 1
8 16 6 1
6 10 13 1
5 6 15 1
16 2 13 1
5 13 6 1
15 14 0 1
3 10 0 1
14 8 1 1
