25 177
0 1
0 2
0 3
0 5
0 7
0 8
0 9
0 10
0 11
0 13
0 14
0 16
0 18
0 21
0 23
0 24
1 2
1 4
1 7
1 8
1 9
1 13
1 14
1 15
1 16
1 17
1 18
1 20
1 23
1 24
2 6
2 8
2 9
2 11
2 12
2 14
2 15
2 16
2 18
2 19
2 20
2 21
2 22
2 24
3 5
3 6
3 8
3 9
3 14
3 15
3 16
3 18
3 21
3 24
4 7
4 9
4 12
4 13
4 14
4 17
4 19
4 20
4 21
4 23
4 24
5 6
5 13
5 14
5 15
5 16
5 17
5 18
5 19
5 22
5 23
5 24
6 8
6 9
6 13
6 16
6 18
6 19
6 22
6 23
6 24
7 8
7 10
7 11
7 13
7 21
7 22
7 23
8 11
8 13
8 14
8 17
8 19
8 21
9 11
9 12
9 13
9 18
9 21
9 24
10 11
10 12
10 14
10 16
10 17
10 18
10 20
10 21
10 22
10 23
10 24
11 15
11 16
11 18
11 20
11 21
11 23
11 24
12 13
12 14
12 15
12 16
12 17
12 18
12 20
12 21
13 14
13 15
13 16
13 17
13 18
13 19
13 20
13 21
13 22
13 23
13 24
14 15
14 17
14 18
14 19
14 20
14 21
14 23
15 16
15 17
15 18
15 19
15 21
15 23
16 17
16 19
16 21
16 22
17 18
17 20
17 22
17 23
18 20
18 21
18 23
18 24
19 21
19 23
19 24
20 21
20 23
20 24
21 22
21 23
22 23
22 24
23 24
20 1 23 1
21 5 7 1
15 7 17 1
7 10 3 1
13 16 2 1
24 16 17 1
6 15 7 1
10 13 7 1
11 9 21 1
5 23 16 1
