25 176
0 1
0 2
0 4
0 6
0 7
0 10
0 12
0 13
0 14
0 16
0 20
0 21
0 22
1 4
1 5
1 6
1 7
1 9
1 10
1 11
1 12
1 13
1 14
1 15
1 16
1 19
1 20
1 21
1 23
1 24
2 3
2 4
2 5
2 6
2 7
2 8
2 10
2 11
2 13
2 14
2 16
2 19
2 24
3 4
3 5
3 9
3 12
3 13
3 14
3 15
3 16
3 18
3 21
3 23
4 5
4 9
4 11
4 13
4 16
4 17
4 18
4 20
4 23
4 24
5 6
5 9
5 10
5 11
5 13
5 14
5 16
5 21
5 24
6 7
6 8
6 9
6 10
6 12
6 13
6 16
6 20
6 22
6 23
6 24
7 9
7 11
7 13
7 15
7 18
7 19
7 20
7 21
7 23
7 24
8 9
8 11
8 14
8 17
8 18
8 19
8 20
8 21
8 22
8 24
9 10
9 11
9 12
9 13
9 14
9 15
9 16
9 17
9 18
9 20
9 21
9 22
10 12
10 14
10 20
10 21
10 23
10 24
11 14
11 15
11 17
11 19
11 20
12 13
12 14
12 16
12 17
12 18
12 19
12 21
12 22
13 14
13 15
13 16
13 17
13 20
13 24
14 15
14 17
14 18
14 21
14 22
14 23
14 24
15 17
15 21
15 22
15 23
16 19
16 20
16 22
16 23
17 18
17 19
17 20
17 24
18 19
18 20
18 21
18 23
19 20
19 22
19 23
19 24
20 22
20 23
21 22
21 23
21 24
22 23
22 24
23 24
18 11 0 1
9 10 22 1
16 22 15 1
18 11 5 1
1 23 2 1
0 17 13 1
6 23 13 1
5 20 22 1
9 17 16 1
20 5 3 1
