21 129
0 3
0 7
0 9
0 15
0 17
0 18
0 19
1 3
1 4
1 6
1 10
1 11
1 13
1 16
1 17
1 19
2 6
2 7
2 8
2 9
2 11
2 12
2 13
2 16
2 17
2 20
3 4
3 5
3 7
3 8
3 9
3 11
3 13
3 14
3 15
3 17
3 18
3 19
3 20
4 5
4 6
4 7
4 8
4 9
4 11
4 13
4 14
4 16
4 17
4 18
5 6
5 8
5 9
5 12
5 14
5 15
5 16
5 17
5 18
5 19
5 20
6 8
6 9
6 10
6 11
6 12
6 15
6 17
6 18
6 20
7 8
7 9
7 10
7 11
7 12
7 13
7 15
7 19
8 11
8 13
8 14
8 15
8 17
8 18
8 19
9 10
9 11
9 14
9 15
9 16
9 17
9 20
10 12
10 13
10 17
10 18
10 19
11 12
11 13
11 14
11 15
11 17
11 19
11 20
12 16
12 17
12 18
12 19
13 14
13 15
13 17
13 18
13 19
13 20
14 15
14 16
15 16
15 17
15 18
15 19
15 20
16 17
16 18
16 19
16 20
17 18
17 19
17 20
19 20
19 18 2 1
4 18 5 1
15 17 14 1
7 2 3 1
19 8 14 1
8 7 10 1
1 9 10 1
12 8 3 1
3 19 15 1
19 5 11 1
