23 141
0 2
0 3
0 4
0 5
0 6
0 8
0 9
0 14
0 15
1 2
1 3
1 5
1 6
1 8
1 11
1 12
1 15
1 18
1 19
1 21
1 22
2 4
2 5
2 9
2 10
2 11
2 12
2 13
2 15
2 17
2 19
2 21
2 22
3 4
3 5
3 7
3 9
3 10
3 13
3 16
3 18
3 20
3 22
4 7
4 8
4 10
4 13
4 16
4 18
4 20
4 22
5 6
5 9
5 10
5 11
5 12
5 13
5 14
5 16
5 17
5 18
5 21
5 22
6 11
6 12
6 14
6 15
6 16
6 17
6 18
6 21
6 22
7 8
7 9
7 10
7 13
7 15
7 16
7 18
7 20
8 9
8 12
8 13
8 15
8 17
8 18
8 19
8 20
9 11
9 13
9 16
9 18
9 19
9 20
9 21
9 22
10 12
10 13
10 14
10 15
10 16
10 20
10 21
10 22
11 13
11 14
11 16
11 17
11 19
11 21
11 22
12 15
12 20
12 21
13 14
13 18
13 21
13 22
14 15
14 16
14 17
14 19
14 21
14 22
15 16
15 18
15 22
16 17
16 18
16 19
16 20
17 18
17 20
17 22
18 22
19 20
19 21
19 22
20 21
20 22
21 22
22 14 12 1
3 22 15 1
10 15 5 1
6 7 20 1
17 2 5 1
10 17 2 1
20 12 18 1
0 4 19 1
3 22 16 1
0 9 5 1
