24 164
0 1
0 2
0 3
0 5
0 6
0 8
0 10
0 11
0 13
0 15
0 16
0 17
0 19
0 23
1 2
1 3
1 4
1 5
1 7
1 9
1 11
1 16
1 17
1 18
1 20
2 3
2 6
2 7
2 8
2 9
2 11
2 12
2 13
2 14
2 18
2 20
2 22
2 23
3 4
3 6
3 7
3 8
3 11
3 12
3 15
3 16
3 17
3 18
3 19
3 20
4 7
4 9
4 11
4 15
4 16
4 17
4 20
4 23
5 6
5 7
5 8
5 10
5 11
5 12
5 15
5 17
5 18
5 20
5 21
5 23
6 7
6 9
6 10
6 13
6 14
6 15
6 16
6 19
6 20
6 21
6 22
7 9
7 13
7 14
7 15
7 17
7 18
7 19
7 20
7 23
8 9
8 11
8 12
8 13
8 15
8 17
8 18
8 20
8 23
9 10
9 13
9 15
9 16
9 17
9 18
9 19
9 21
9 22
9 23
10 13
10 14
10 15
10 16
10 17
10 18
10 19
10 20
10 22
10 23
11 12
11 13
11 14
11 15
11 17
11 19
11 21
11 22
12 13
12 14
12 16
12 17
12 18
12 23
13 14
13 15
13 17
13 19
13 21
13 22
13 23
14 15
14 19
14 21
14 22
14 23
15 16
15 17
15 21
15 22
15 23
16 17
16 21
16 22
16 23
17 23
18 19
19 20
19 21
19 23
20 21
20 23
21 22
21 23
22 23
10 2 22 1
9 20 5 1
9 7 17 1
21 9 6 1
11 6 0 1
9 10 8 1
14 3 8 1
20 5 19 1
12 6 1 1
23 19 14 1
