24 155
0 1
0 3
0 4
0 5
0 6
0 7
0 9
0 13
0 14
0 15
0 16
0 17
0 18
0 19
0 20
0 21
0 22
0 23
1 2
1 4
1 6
1 7
1 8
1 11
1 13
1 14
1 18
1 21
1 22
2 7
2 10
2 11
2 13
2 14
2 16
2 19
2 20
2 21
2 22
2 23
3 4
3 7
3 9
3 10
3 13
3 16
3 17
3 20
3 22
3 23
4 5
4 7
4 8
4 11
4 12
4 13
4 15
4 16
4 19
4 20
4 22
5 6
5 8
5 9
5 10
5 13
5 14
5 18
5 20
5 21
5 22
6 7
6 8
6 13
6 14
6 15
6 16
6 17
6 18
6 19
6 23
7 8
7 9
7 10
7 11
7 12
7 13
7 14
7 15
7 19
7 20
7 22
8 9
8 11
8 13
8 17
8 19
8 23
9 10
9 11
9 16
9 20
9 21
9 22
10 11
10 12
10 14
10 15
10 18
10 19
10 20
11 13
11 15
11 17
11 19
12 14
12 16
12 17
12 18
12 19
12 20
12 21
13 15
13 16
13 17
13 23
14 16
14 18
14 19
14 20
15 16
15 17
15 20
15 21
15 22
16 17
16 19
16 20
16 22
17 18
17 19
17 21
17 22
17 23
18 19
18 21
18 22
18 23
19 21
19 22
20 21
20 23
21 22
21 23
22 23
17 21 23 1
1 3 13 1
11 20 1 1
1 5 17 1
2 19 3 1
18 1 15 1
7 20 15 1
8 1 23 1
18 7 8 1
8 5 7 1
