26 187
0 2
0 4
0 5
0 6
0 7
0 8
0 9
0 10
0 11
0 13
0 17
0 18
0 20
0 21
0 23
1 2
1 3
1 7
1 9
1 10
1 11
1 12
1 14
1 15
1 24
1 25
2 4
2 5
2 7
2 10
2 14
2 16
2 17
2 21
2 22
2 24
2 25
3 4
3 5
3 6
3 9
3 10
3 11
3 12
3 13
3 14
3 15
3 17
3 18
3 21
3 22
3 23
3 24
3 25
4 8
4 11
4 14
4 17
4 18
4 20
4 22
4 23
4 24
4 25
5 6
5 7
5 11
5 12
5 15
5 16
5 17
5 18
5 20
5 21
5 23
6 9
6 10
6 14
6 16
6 18
6 19
6 20
6 21
6 22
6 23
6 24
7 10
7 11
7 12
7 13
7 14
7 17
7 18
7 19
7 20
7 21
7 22
7 23
7 25
8 9
8 11
8 12
8 14
8 22
8 23
8 25
9 10
9 12
9 13
9 14
9 16
9 17
9 18
9 19
9 20
9 21
9 22
9 23
9 25
10 11
10 16
10 17
10 18
10 19
10 22
10 23
11 13
11 15
11 16
11 18
11 20
11 23
11 24
12 14
12 16
12 17
12 22
12 25
13 14
13 15
13 17
13 19
13 20
13 21
13 22
13 25
14 15
14 16
14 18
14 19
14 23
14 24
14 25
15 17
15 18
15 19
15 20
15 22
15 23
15 24
16 17
16 19
16 20
16 21
16 22
16 23
16 24
16 25
17 18
17 20
18 20
18 23
18 24
19 20
19 21
19 22
19 23
19 24
19 25
20 21
20 22
20 23
20 25
22 23
22 24
23 24
24 25
23 22 4 1
15 14 18 1
12 10 1 1
14 17 8 1
17 0 24 1
1 7 9 1
0 12 19 1
0 25 19 1
24 6 23 1
15 8 6 1
