26 195
0 1
0 2
0 3
0 4
0 5
0 6
0 8
0 9
0 10
0 11
0 14
0 19
0 21
0 22
0 24
1 2
1 3
1 4
1 6
1 8
1 9
1 12
1 13
1 14
1 15
1 16
1 19
1 20
1 22
1 24
1 25
2 4
2 5
2 9
2 10
2 12
2 16
2 19
2 20
2 21
3 5
3 9
3 12
3 13
3 14
3 15
3 18
3 19
3 20
3 21
3 22
3 24
4 7
4 8
4 9
4 10
4 11
4 12
4 13
4 17
4 21
4 22
4 23
4 24
5 7
5 8
5 10
5 13
5 14
5 15
5 17
5 19
5 20
5 21
5 25
6 7
6 8
6 10
6 11
6 14
6 16
6 19
6 24
6 25
7 9
7 10
7 12
7 13
7 14
7 18
7 19
7 21
7 23
7 24
7 25
8 9
8 10
8 11
8 12
8 14
8 16
8 17
8 20
8 21
8 22
8 23
8 25
9 10
9 11
9 12
9 15
9 17
9 19
9 20
9 21
9 22
9 23
9 24
9 25
10 11
10 14
10 16
10 20
10 22
10 25
11 12
11 13
11 14
11 19
11 20
11 22
11 24
12 13
12 14
12 15
12 18
12 19
12 20
12 21
12 22
12 24
12 25
13 15
13 16
13 17
13 18
13 19
13 21
13 22
13 23
13 24
13 25
14 15
14 16
14 17
14 19
14 20
14 21
14 24
15 16
15 17
15 18
15 19
15 20
15 21
16 18
16 19
16 20
16 21
16 22
16 23
16 24
17 18
17 19
17 20
17 21
17 22
17 23
17 24
17 25
18 21
18 22
18 24
18 25
19 20
19 21
19 24
20 22
20 23
20 25
21 23
21 25
22 23
22 24
23 24
9 24 13 1
24 0 13 1
5 11 24 1
12 23 0 1
19 12 21 1
0 22 10 1
5 3 13 1
0 16 11 1
0 25 19 1
12 6 0 1
