21 125
0 1
0 4
0 5
0 7
0 8
0 9
0 11
0 13
0 14
0 15
0 17
0 18
1 3
1 4
1 5
1 6
1 8
1 11
1 12
1 14
1 16
1 17
1 20
2 3
2 4
2 5
2 7
2 8
2 9
2 11
2 12
2 13
2 14
2 15
2 16
2 18
2 19
2 20
3 4
3 5
3 7
3 8
3 10
3 12
3 13
3 17
3 20
4 5
4 7
4 8
4 9
4 10
4 11
4 12
4 13
4 14
4 19
4 20
5 7
5 8
5 9
5 10
5 12
5 14
5 15
5 16
5 17
5 18
6 7
6 8
6 9
6 10
6 13
6 15
6 17
6 18
6 19
6 20
7 8
7 9
7 13
7 17
7 19
8 10
8 11
8 13
8 18
8 19
9 10
9 11
9 12
9 13
9 14
9 16
9 20
10 11
10 13
10 14
10 16
10 18
10 19
10 20
11 13
11 17
11 19
11 20
12 14
12 15
12 16
12 17
12 18
12 19
12 20
13 17
13 19
13 20
14 15
14 16
14 20
15 19
15 20
16 19
17 18
18 19
19 20
10 15 13 1
11 12 20 1
11 14 4 1
2 7 9 1
19 13 17 1
9 15 12 1
19 6 7 1
18 19 17 1
17 6 12 1
8 16 7 1
