23 147
0 2
0 3
0 4
0 5
0 8
0 9
0 10
0 12
0 14
0 15
0 16
0 17
0 19
0 20
0 21
0 22
1 5
1 7
1 8
1 12
1 13
1 14
1 15
1 17
1 19
1 20
1 21
1 22
2 3
2 4
2 5
2 6
2 7
2 8
2 9
2 11
2 12
2 13
2 14
2 15
2 17
2 18
2 19
2 20
2 22
3 4
3 7
3 9
3 12
3 15
3 20
3 21
4 5
4 6
4 7
4 10
4 11
4 15
4 17
4 18
4 21
5 6
5 7
5 8
5 10
5 11
5 12
5 13
5 14
5 15
5 16
6 8
6 9
6 10
6 12
6 14
6 15
6 18
6 19
6 22
7 10
7 11
7 14
7 15
7 16
7 21
7 22
8 11
8 12
8 14
8 15
8 18
8 19
8 20
9 10
9 11
9 14
9 17
9 18
9 19
9 22
10 11
10 14
10 17
10 18
10 22
11 13
11 16
11 17
11 18
11 19
11 21
11 22
12 14
12 15
12 16
12 17
12 20
12 21
12 22
13 14
13 15
13 16
13 17
13 19
14 15
14 16
14 17
14 19
14 21
14 22
15 16
15 17
15 20
15 22
16 17
16 18
16 19
16 20
16 22
17 18
17 19
17 21
17 22
18 19
18 21
20 21
12 10 21 1
21 5 20 1
6 21 11 1
14 6 9 1
8 7 2 1
14 15 19 1
3 21 13 1
16 17 3 1
17 15 20 1
18 22 2 1
