23 159
0 1
0 2
0 3
0 6
0 7
0 8
0 10
0 12
0 15
0 18
0 22
1 2
1 3
1 4
1 5
1 6
1 7
1 8
1 9
1 11
1 13
1 14
1 17
1 19
1 21
2 3
2 4
2 8
2 13
2 14
2 20
2 21
2 22
3 8
3 9
3 10
3 12
3 13
3 14
3 15
3 16
3 17
3 18
3 19
3 20
4 5
4 6
4 7
4 9
4 11
4 14
4 15
4 17
4 18
4 20
4 21
4 22
5 6
5 7
5 8
5 10
5 12
5 15
5 16
5 17
5 20
5 21
5 22
6 7
6 9
6 11
6 12
6 13
6 14
6 15
6 16
6 17
6 18
6 19
6 20
6 21
7 9
7 10
7 11
7 12
7 13
7 14
7 17
7 18
7 19
7 20
7 22
8 10
8 13
8 14
8 18
8 19
8 22
9 10
9 11
9 13
9 14
9 15
9 18
9 19
9 20
9 21
9 22
10 12
10 14
10 15
10 19
10 20
10 21
10 22
11 12
11 15
11 16
11 17
11 18
11 19
11 20
11 21
11 22
12 13
12 14
12 15
12 16
12 17
12 19
12 20
12 22
13 15
13 16
13 18
13 19
13 20
13 22
14 15
14 17
14 18
14 20
14 21
14 22
15 19
15 20
15 22
16 17
16 18
16 19
16 20
17 18
17 20
18 19
19 20
19 21
20 21
20 22
21 22
5 6 22 1
19 5 17 1
11 8 17 1
6 16 0 1
12 10 11 1
8 15 17 1
14 22 10 1
7 21 12 1
14 13 4 1
8 7 6 1
