22 137
0 4
0 5
0 6
0 8
0 11
0 17
0 18
0 19
0 20
0 21
1 3
1 4
1 5
1 6
1 9
1 10
1 11
1 12
1 13
1 15
1 16
1 17
1 18
1 19
1 20
1 21
2 3
2 5
2 8
2 10
2 11
2 12
2 13
2 19
2 21
3 4
3 6
3 8
3 9
3 12
3 14
3 16
3 17
3 18
3 19
3 20
4 5
4 6
4 8
4 9
4 11
4 12
4 14
4 15
4 16
4 17
4 21
5 6
5 7
5 9
5 11
5 13
5 14
5 15
5 16
5 17
5 18
5 21
6 7
6 9
6 10
6 12
6 15
6 18
6 19
6 20
7 11
7 12
7 13
7 14
7 15
7 17
7 18
7 21
8 10
8 11
8 13
8 14
8 15
8 16
8 19
8 21
9 11
9 15
9 20
10 12
10 14
10 15
10 16
10 17
10 18
11 12
11 13
11 14
11 15
11 16
11 17
12 13
12 14
12 15
12 16
12 17
12 18
12 21
13 14
13 16
13 20
13 21
14 16
14 17
14 18
14 19
14 20
15 16
15 19
15 20
15 21
16 18
16 20
16 21
17 18
17 19
17 21
18 21
19 20
19 21
20 21
17 15 0 1
15 17 3 1
7 13 6 1
10 7 20 1
18 3 13 1
7 12 4 1
2 12 1 1
10 6 16 1
0 5 3 1
21 9 10 1
