27 208
0 3
0 4
0 5
0 6
0 7
0 8
0 9
0 10
0 12
0 13
0 14
0 15
0 16
0 17
0 18
0 20
0 22
0 23
0 25
1 2
1 5
1 6
1 7
1 9
1 10
1 12
1 14
1 20
1 24
1 25
2 3
2 5
2 6
2 7
2 8
2 9
2 10
2 11
2 12
2 13
2 14
2 15
2 16
2 17
2 19
2 20
2 21
2 22
2 23
2 24
2 25
2 26
3 8
3 10
3 11
3 12
3 14
3 18
3 19
3 20
3 21
3 25
3 26
4 5
4 6
4 8
4 9
4 10
4 11
4 12
4 14
4 16
4 17
4 18
4 20
4 22
4 23
4 24
4 26
5 6
5 7
5 8
5 11
5 12
5 14
5 15
5 16
5 17
5 20
5 22
5 23
5 24
5 26
6 7
6 9
6 11
6 12
6 14
6 15
6 16
6 18
6 19
6 20
6 23
7 9
7 11
7 12
7 13
7 16
7 18
7 19
7 21
7 22
7 23
7 25
8 10
8 14
8 16
8 17
8 25
8 26
9 10
9 14
9 15
9 16
9 17
9 21
9 22
9 25
9 26
10 14
10 15
10 16
10 18
10 20
10 21
10 22
10 25
11 14
11 15
11 16
11 19
11 20
11 21
11 22
11 23
12 13
12 14
12 15
12 18
12 22
12 23
12 24
12 26
13 14
13 15
13 16
13 18
13 20
13 24
13 25
13 26
14 15
14 17
14 18
14 20
14 21
14 22
14 24
14 25
15 16
15 17
15 18
15 22
15 23
15 24
16 17
16 18
16 20
16 21
16 22
16 23
16 25
17 20
17 22
17 25
18 21
18 22
18 24
18 25
19 21
19 22
19 24
19 26
20 21
20 23
20 24
20 25
20 26
21 22
21 23
21 24
21 25
21 26
22 24
22 25
23 25
25 26
18 0 14 1
12 2 19 1
18 2 12 1
8 12 5 1
11 20 23 1
11 18 5 1
18 4 2 1
14 18 10 1
20 2 14 1
20 8 0 1
