25 177
0 3
0 4
0 6
0 9
0 10
0 11
0 12
0 13
0 14
0 15
0 16
0 17
0 21
0 22
0 23
0 24
1 2
1 3
1 4
1 5
1 7
1 9
1 12
1 13
1 14
1 16
1 18
1 20
1 22
1 24
2 3
2 4
2 5
2 6
2 8
2 9
2 11
2 12
2 13
2 15
2 23
2 24
3 4
3 8
3 9
3 12
3 14
3 16
3 22
3 23
3 24
4 5
4 6
4 7
4 8
4 9
4 10
4 11
4 13
4 14
4 15
4 16
4 17
4 19
4 22
4 23
5 6
5 8
5 11
5 12
5 13
5 15
5 16
5 17
5 18
5 19
5 21
5 22
5 23
5 24
6 10
6 11
6 12
6 14
6 15
6 18
6 19
6 20
6 22
6 23
7 8
7 9
7 10
7 12
7 13
7 14
7 15
7 19
7 20
7 22
7 24
8 9
8 10
8 11
8 14
8 15
8 16
8 19
8 22
8 23
9 10
9 11
9 12
9 13
9 14
9 15
9 18
9 21
9 22
9 23
9 24
10 12
10 13
10 15
10 21
10 23
10 24
11 12
11 14
11 17
11 19
11 20
11 21
11 23
11 24
12 13
12 16
12 18
12 19
12 21
12 22
12 24
13 14
13 15
13 17
13 18
13 20
13 21
13 23
13 24
14 18
14 19
14 20
14 21
15 16
15 23
15 24
16 17
16 18
16 20
16 21
16 22
16 23
16 24
17 18
17 22
18 20
18 21
18 22
18 24
19 23
20 21
20 22
20 23
20 24
21 24
23 24
15 20 24 1
17 10 2 1
2 24 1 1
4 7 16 1
24 6 8 1
24 2 11 1
21 8 12 1
23 22 0 1
19 18 10 1
24 9 2 1
